7
2
1,0,0,0,0,1,0,0,
Democratic, Working Families, Constitution, Independence, Green, Republican, American, Libertarian, 
# PrecinctID,RegisteredVoters,Democratic,Working Families,Constitution,Independence,Green,Republican,American,Libertarian,
45001001,2161,0.381868,0,0,0,0,0.568681,0,0,
45001002,1970,0.677596,0,0,0,0,0.281421,0,0,
45001003,1373,0.582609,0,0,0,0,0.391304,0,0,
45001004,868,0.431579,0,0,0,0,0.531579,0,0,
45001005,1055,0.248276,0,0,0,0,0.72069,0,0,
45001006,491,0.273333,0,0,0,0,0.66,0,0,
45001007,1795,0.668333,0,0,0,0,0.295,0,0,
45001008,801,0.296296,0,0,0,0,0.660494,0,0,
45001009,497,0.169231,0,0,0,0,0.8,0,0,
45001010,1433,0.424658,0,0,0,0,0.542466,0,0,
45001011,655,0.439153,0,0,0,0,0.544974,0,0,
45073007,1783,0.125,0,0,0,0,0.828125,0,0,
45001013,1031,0.192982,0,0,0,0,0.778947,0,0,
45039010,729,0.714286,0,0,0,0,0.207143,0,0,
45003007,905,0.518519,0,0,0,0,0.436214,0,0,
45003008,1811,0.583607,0,0,0,0,0.365574,0,0,
45003010,1318,0.702771,0,0,0,0,0.244332,0,0,
45003011,1772,0.753653,0,0,0,0,0.192067,0,0,
45003012,779,0.485149,0,0,0,0,0.485149,0,0,
45003013,1880,0.283482,0,0,0,0,0.669643,0,0,
45003014,1528,0.272289,0,0,0,0,0.689157,0,0,
45003015,1046,0.211073,0,0,0,0,0.740484,0,0,
45003016,1197,0.425352,0,0,0,0,0.501408,0,0,
45003017,1660,0.211663,0,0,0,0,0.7473,0,0,
45003018,1417,0.241279,0,0,0,0,0.671512,0,0,
45003019,954,0.255725,0,0,0,0,0.671756,0,0,
45003020,2017,0.299492,0,0,0,0,0.659898,0,0,
45003021,1095,0.57177,0,0,0,0,0.406699,0,0,
45003023,1546,0.515358,0,0,0,0,0.447099,0,0,
45003024,762,0.209091,0,0,0,0,0.731818,0,0,
45033017,960,0.423469,0,0,0,0,0.52551,0,0,
45003031,803,0.417625,0,0,0,0,0.521073,0,0,
45003032,679,0.63197,0,0,0,0,0.334572,0,0,
45003033,673,0.195876,0,0,0,0,0.762887,0,0,
45073019,1172,0.364217,0,0,0,0,0.594249,0,0,
45003036,680,0.521531,0,0,0,0,0.416268,0,0,
45003037,1667,0.408994,0,0,0,0,0.554604,0,0,
45003038,1574,0.332536,0,0,0,0,0.624402,0,0,
45081020,438,0.588608,0,0,0,0,0.360759,0,0,
45003041,1734,0.252822,0,0,0,0,0.717833,0,0,
45003042,798,0.525641,0,0,0,0,0.439103,0,0,
45003045,1831,0.390144,0,0,0,0,0.556468,0,0,
45003049,1396,0.21547,0,0,0,0,0.751381,0,0,
45003050,2330,0.387879,0,0,0,0,0.577273,0,0,
45063015,2286,0.170599,0,0,0,0,0.789474,0,0,
45003056,1432,0.395161,0,0,0,0,0.532258,0,0,
45003057,1281,0.348101,0,0,0,0,0.601266,0,0,
45003059,1713,0.177866,0,0,0,0,0.772727,0,0,
45003061,1945,0.606007,0,0,0,0,0.358657,0,0,
45005005,319,0.804878,0,0,0,0,0.162602,0,0,
45045326,2030,0.215168,0,0,0,0,0.753086,0,0,
45005007,218,0.463768,0,0,0,0,0.478261,0,0,
45005008,883,0.117188,0,0,0,0,0.84375,0,0,
45007009,899,0.529954,0,0,0,0,0.400922,0,0,
45007011,1831,0.281184,0,0,0,0,0.665962,0,0,
45007012,642,0.705607,0,0,0,0,0.257009,0,0,
45007013,1860,0.213115,0,0,0,0,0.739526,0,0,
45091005,1440,0.152019,0,0,0,0,0.776722,0,0,
45007016,1306,0.395939,0,0,0,0,0.555838,0,0,
45077138,1608,0.209567,0,0,0,0,0.740319,0,0,
45051112,835,0.117424,0,0,0,0,0.852273,0,0,
45007019,2710,0.239291,0,0,0,0,0.711965,0,0,
45007020,712,0.477011,0,0,0,0,0.477011,0,0,
45007021,2850,0.189024,0,0,0,0,0.77561,0,0,
45007023,964,0.0776699,0,0,0,0,0.893204,0,0,
45007024,1587,0.209459,0,0,0,0,0.739865,0,0,
45007025,2134,0.394904,0,0,0,0,0.564756,0,0,
45007027,1454,0.247191,0,0,0,0,0.72809,0,0,
45077131,1269,0.119171,0,0,0,0,0.823834,0,0,
45091080,666,0.263393,0,0,0,0,0.674107,0,0,
45007032,433,0.52381,0,0,0,0,0.404762,0,0,
45007033,2461,0.22381,0,0,0,0,0.731746,0,0,
45007034,551,0.131148,0,0,0,0,0.844262,0,0,
45007035,1405,0.274457,0,0,0,0,0.67663,0,0,
45007036,2240,0.225263,0,0,0,0,0.726316,0,0,
45007037,559,0.132075,0,0,0,0,0.836478,0,0,
45007038,2594,0.4757,0,0,0,0,0.444772,0,0,
45007039,1382,0.214106,0,0,0,0,0.748111,0,0,
45091081,998,0.263158,0,0,0,0,0.692982,0,0,
45007041,1560,0.220297,0,0,0,0,0.707921,0,0,
45007042,751,0.115789,0,0,0,0,0.815789,0,0,
45007043,930,0.330317,0,0,0,0,0.624434,0,0,
45007045,625,0.263441,0,0,0,0,0.677419,0,0,
45007046,2306,0.253106,0,0,0,0,0.71118,0,0,
45045286,2306,0.138376,0,0,0,0,0.828413,0,0,
45007049,1906,0.391813,0,0,0,0,0.561404,0,0,
45007051,773,0.0948276,0,0,0,0,0.810345,0,0,
45007053,1029,0.0985915,0,0,0,0,0.876761,0,0,
45045296,2766,0.350529,0,0,0,0,0.587302,0,0,
45007055,1911,0.145719,0,0,0,0,0.808743,0,0,
45007057,1140,0.157343,0,0,0,0,0.814685,0,0,
45007058,792,0.318627,0,0,0,0,0.627451,0,0,
45007062,2492,0.145455,0,0,0,0,0.81958,0,0,
45007063,831,0.142857,0,0,0,0,0.792627,0,0,
45007064,2333,0.125348,0,0,0,0,0.846797,0,0,
45007065,533,0.142857,0,0,0,0,0.818182,0,0,
45007066,732,0.137255,0,0,0,0,0.833333,0,0,
45007068,1763,0.13278,0,0,0,0,0.838174,0,0,
45007069,301,0.340426,0,0,0,0,0.617021,0,0,
45021031,1306,0.195,0,0,0,0,0.74,0,0,
45007071,2241,0.237589,0,0,0,0,0.710993,0,0,
45007072,2735,0.161866,0,0,0,0,0.788752,0,0,
45007073,734,0.112613,0,0,0,0,0.842342,0,0,
45007074,1659,0.353623,0,0,0,0,0.576812,0,0,
45007075,1301,0.237354,0,0,0,0,0.723735,0,0,
45007076,1375,0.263359,0,0,0,0,0.70229,0,0,
45007077,2500,0.386064,0,0,0,0,0.564972,0,0,
45007078,941,0.656085,0,0,0,0,0.275132,0,0,
45007079,2542,0.754717,0,0,0,0,0.212938,0,0,
45007080,776,0.820276,0,0,0,0,0.133641,0,0,
45007081,827,0.932271,0,0,0,0,0.0438247,0,0,
45007082,960,0.776824,0,0,0,0,0.171674,0,0,
45007083,1389,0.859296,0,0,0,0,0.113065,0,0,
45007084,1808,0.350543,0,0,0,0,0.581522,0,0,
45007085,441,0.855072,0,0,0,0,0.0797101,0,0,
45007086,1291,0.461318,0,0,0,0,0.484241,0,0,
45007087,2445,0.483516,0,0,0,0,0.469388,0,0,
45007091,2738,0.305344,0,0,0,0,0.635115,0,0,
45007092,2034,0.230599,0,0,0,0,0.742794,0,0,
45007094,2266,0.136701,0,0,0,0,0.84101,0,0,
45007121,2845,0.225455,0,0,0,0,0.738182,0,0,
45007136,1892,0.213816,0,0,0,0,0.733553,0,0,
45007157,2284,0.224832,0,0,0,0,0.733221,0,0,
45007164,3852,0.141856,0,0,0,0,0.835377,0,0,
45009001,191,0.403846,0,0,0,0,0.557692,0,0,
45075128,943,0.27003,0,0,0,0,0.697329,0,0,
45009004,2261,0.886228,0,0,0,0,0.0973054,0,0,
45009005,174,0.78125,0,0,0,0,0.203125,0,0,
45009006,93,0.848485,0,0,0,0,0.151515,0,0,
45009007,204,0.526882,0,0,0,0,0.462366,0,0,
45009008,110,0.0526316,0,0,0,0,0.921053,0,0,
45009009,132,0.153846,0,0,0,0,0.846154,0,0,
45009010,342,0.542636,0,0,0,0,0.426357,0,0,
45009011,2406,0.810467,0,0,0,0,0.155587,0,0,
45009012,1278,0.911321,0,0,0,0,0.0735849,0,0,
45009013,1935,0.62256,0,0,0,0,0.35141,0,0,
45011007,566,0.527094,0,0,0,0,0.44335,0,0,
45011009,586,0.5,0,0,0,0,0.47561,0,0,
45011010,866,0.843023,0,0,0,0,0.136628,0,0,
45011011,827,0.122605,0,0,0,0,0.842912,0,0,
45011012,1247,0.555556,0,0,0,0,0.420054,0,0,
45013101,1222,0.629268,0,0,0,0,0.282927,0,0,
45013102,1235,0.353659,0,0,0,0,0.560976,0,0,
45013103,1520,0.265625,0,0,0,0,0.651042,0,0,
45013110,1990,0.34072,0,0,0,0,0.601108,0,0,
45013111,1385,0.787162,0,0,0,0,0.165541,0,0,
45013112,1847,0.506173,0,0,0,0,0.438272,0,0,
45013113,1682,0.307453,0,0,0,0,0.618012,0,0,
45013114,1939,0.42369,0,0,0,0,0.501139,0,0,
45013115,1902,0.255814,0,0,0,0,0.687339,0,0,
45013116,799,0.577181,0,0,0,0,0.33557,0,0,
45013150,1299,0.432,0,0,0,0,0.492,0,0,
45013151,1521,0.50996,0,0,0,0,0.418327,0,0,
45013160,1236,0.719403,0,0,0,0,0.244776,0,0,
45013161,1265,0.494382,0,0,0,0,0.453184,0,0,
45013162,1016,0.746269,0,0,0,0,0.205224,0,0,
45013163,1488,0.592326,0,0,0,0,0.359712,0,0,
45013170,1149,0.590643,0,0,0,0,0.383041,0,0,
45013171,895,0.912879,0,0,0,0,0.0606061,0,0,
45013200,436,0.265487,0,0,0,0,0.716814,0,0,
45013201,1377,0.462687,0,0,0,0,0.456716,0,0,
45013202,1284,0.473154,0,0,0,0,0.483221,0,0,
45013203,1602,0.4325,0,0,0,0,0.535,0,0,
45013204,1720,0.554124,0,0,0,0,0.324742,0,0,
45013205,1582,0.199005,0,0,0,0,0.793532,0,0,
45013206,798,0.185714,0,0,0,0,0.77619,0,0,
45013207,875,0.233696,0,0,0,0,0.73913,0,0,
45013208,1356,0.248634,0,0,0,0,0.724044,0,0,
45013209,1113,0.339552,0,0,0,0,0.626866,0,0,
45013210,1201,0.271429,0,0,0,0,0.7,0,0,
45013211,1107,0.248299,0,0,0,0,0.714286,0,0,
45013212,1066,0.241245,0,0,0,0,0.731518,0,0,
45013213,953,0.269388,0,0,0,0,0.697959,0,0,
45013216,1510,0.289902,0,0,0,0,0.664495,0,0,
45013217,1380,0.288401,0,0,0,0,0.680251,0,0,
45013220,1769,0.29156,0,0,0,0,0.649616,0,0,
45013221,1410,0.116095,0,0,0,0,0.868074,0,0,
45013222,1614,0.381295,0,0,0,0,0.585132,0,0,
45013223,1246,0.236559,0,0,0,0,0.738351,0,0,
45013224,876,0.332016,0,0,0,0,0.656126,0,0,
45013225,1445,0.313333,0,0,0,0,0.596667,0,0,
45013226,1030,0.194215,0,0,0,0,0.77686,0,0,
45013227,645,0.248227,0,0,0,0,0.737589,0,0,
45013228,966,0.173387,0,0,0,0,0.810484,0,0,
45013300,2197,0.204678,0,0,0,0,0.750487,0,0,
45013301,1624,0.446875,0,0,0,0,0.46875,0,0,
45013302,1063,0.350711,0,0,0,0,0.578199,0,0,
45013303,2000,0.245614,0,0,0,0,0.687135,0,0,
45013304,1835,0.416667,0,0,0,0,0.509615,0,0,
45013305,1389,0.336134,0,0,0,0,0.60084,0,0,
45013306,1683,0.404167,0,0,0,0,0.5125,0,0,
45013307,2590,0.246548,0,0,0,0,0.682446,0,0,
45013310,1175,0.176829,0,0,0,0,0.79878,0,0,
45013311,1773,0.234323,0,0,0,0,0.726073,0,0,
45013312,2344,0.385167,0,0,0,0,0.547847,0,0,
45013352,1276,0.257642,0,0,0,0,0.720524,0,0,
45015001,916,0.684343,0,0,0,0,0.277778,0,0,
45015002,210,0.0659341,0,0,0,0,0.868132,0,0,
45015003,1211,0.386534,0,0,0,0,0.591022,0,0,
45015004,1538,0.218437,0,0,0,0,0.757515,0,0,
45089005,933,0.717042,0,0,0,0,0.263666,0,0,
45015007,1057,0.864368,0,0,0,0,0.124138,0,0,
45015010,1219,0.379009,0,0,0,0,0.568513,0,0,
45015011,1189,0.510386,0,0,0,0,0.462908,0,0,
45015016,744,0.746032,0,0,0,0,0.230159,0,0,
45015026,1214,0.720455,0,0,0,0,0.254545,0,0,
45051151,3151,0.425459,0,0,0,0,0.526376,0,0,
45021023,1360,0.177596,0,0,0,0,0.775956,0,0,
45015035,2791,0.28024,0,0,0,0,0.656287,0,0,
45015036,1815,0.170213,0,0,0,0,0.797872,0,0,
45015041,342,0.522581,0,0,0,0,0.43871,0,0,
45075120,1570,0.306494,0,0,0,0,0.636364,0,0,
45017002,725,0.705314,0,0,0,0,0.26087,0,0,
45017003,1178,0.63388,0,0,0,0,0.322404,0,0,
45017004,219,0.542857,0,0,0,0,0.442857,0,0,
45017005,2249,0.849088,0,0,0,0,0.131012,0,0,
45017006,516,0.55414,0,0,0,0,0.420382,0,0,
45017007,273,0.696203,0,0,0,0,0.265823,0,0,
45017008,1101,0.553459,0,0,0,0,0.424528,0,0,
45079346,3157,0.842713,0,0,0,0,0.126984,0,0,
45063025,852,0.362934,0,0,0,0,0.594595,0,0,
45061020,175,0.430769,0,0,0,0,0.553846,0,0,
45019004,1341,0.629534,0,0,0,0,0.349741,0,0,
45019008,955,0.618182,0,0,0,0,0.352727,0,0,
45019210,1121,0.236607,0,0,0,0,0.700893,0,0,
45019211,1489,0.246667,0,0,0,0,0.706667,0,0,
45019212,1632,0.207612,0,0,0,0,0.761246,0,0,
45019032,1705,0.357616,0,0,0,0,0.592715,0,0,
45019200,1720,0.754545,0,0,0,0,0.223636,0,0,
45019102,1418,0.608833,0,0,0,0,0.293375,0,0,
45019103,3164,0.485507,0,0,0,0,0.407609,0,0,
45019104,3074,0.493023,0,0,0,0,0.462016,0,0,
45019105,2004,0.509756,0,0,0,0,0.42439,0,0,
45019106,1091,0.446721,0,0,0,0,0.495902,0,0,
45019107,1946,0.608051,0,0,0,0,0.326271,0,0,
45019232,2938,0.585366,0,0,0,0,0.344333,0,0,
45019173,1524,0.561364,0,0,0,0,0.402273,0,0,
45019174,1134,0.598662,0,0,0,0,0.367893,0,0,
45019175,1201,0.728767,0,0,0,0,0.235616,0,0,
45019180,1759,0.194805,0,0,0,0,0.795455,0,0,
45019181,1992,0.323256,0,0,0,0,0.660465,0,0,
45019184,1153,0.340807,0,0,0,0,0.565022,0,0,
45019185,1325,0.347222,0,0,0,0,0.583333,0,0,
45019701,891,0.251748,0,0,0,0,0.713287,0,0,
45019702,1025,0.30625,0,0,0,0,0.6875,0,0,
45019703,1159,0.479167,0,0,0,0,0.479167,0,0,
45019704,1120,0.574586,0,0,0,0,0.370166,0,0,
45019705,1082,0.472222,0,0,0,0,0.486111,0,0,
45019706,1538,0.567961,0,0,0,0,0.349515,0,0,
45019707,1816,0.527778,0,0,0,0,0.380952,0,0,
45019708,1309,0.856643,0,0,0,0,0.0594406,0,0,
45019709,1154,0.697917,0,0,0,0,0.223958,0,0,
45019710,1240,0.671233,0,0,0,0,0.19863,0,0,
45019711,1925,0.564202,0,0,0,0,0.33463,0,0,
45019712,1586,0.780731,0,0,0,0,0.156146,0,0,
45019713,1370,0.816794,0,0,0,0,0.110687,0,0,
45019714,1401,0.713004,0,0,0,0,0.197309,0,0,
45019715,1561,0.887531,0,0,0,0,0.0391198,0,0,
45019716,1342,0.848276,0,0,0,0,0.0689655,0,0,
45019717,1395,0.79798,0,0,0,0,0.156566,0,0,
45019718,1610,0.907216,0,0,0,0,0.064433,0,0,
45019719,914,0.866379,0,0,0,0,0.0732759,0,0,
45019720,1424,0.694444,0,0,0,0,0.238095,0,0,
45019721,780,0.907895,0,0,0,0,0.0570175,0,0,
45019301,1615,0.394068,0,0,0,0,0.576271,0,0,
45019302,1212,0.328125,0,0,0,0,0.578125,0,0,
45019303,1740,0.429032,0,0,0,0,0.519355,0,0,
45019304,1632,0.319865,0,0,0,0,0.626263,0,0,
45019305,1409,0.314655,0,0,0,0,0.663793,0,0,
45019306,2251,0.325183,0,0,0,0,0.606357,0,0,
45019307,972,0.359551,0,0,0,0,0.589888,0,0,
45019308,1003,0.350365,0,0,0,0,0.627737,0,0,
45019309,1127,0.287234,0,0,0,0,0.648936,0,0,
45019310,1001,0.182927,0,0,0,0,0.75,0,0,
45019311,1251,0.312195,0,0,0,0,0.634146,0,0,
45019312,2084,0.327586,0,0,0,0,0.598522,0,0,
45019313,1318,0.336364,0,0,0,0,0.590909,0,0,
45019314,1802,0.392857,0,0,0,0,0.560714,0,0,
45019315,2417,0.403553,0,0,0,0,0.558376,0,0,
45019316,782,0.19469,0,0,0,0,0.787611,0,0,
45019317,3197,0.257353,0,0,0,0,0.705882,0,0,
45019318,1295,0.235849,0,0,0,0,0.731132,0,0,
45019319,2169,0.374663,0,0,0,0,0.555256,0,0,
45019320,1608,0.443769,0,0,0,0,0.495441,0,0,
45019321,1786,0.308333,0,0,0,0,0.633333,0,0,
45019322,1137,0.456522,0,0,0,0,0.504348,0,0,
45019323,1915,0.476584,0,0,0,0,0.438017,0,0,
45019324,919,0.277778,0,0,0,0,0.650794,0,0,
45019325,1141,0.225352,0,0,0,0,0.753521,0,0,
45019326,619,0.960227,0,0,0,0,0.0170455,0,0,
45019327,2755,0.284188,0,0,0,0,0.673077,0,0,
45019328,1291,0.228155,0,0,0,0,0.703883,0,0,
45019329,350,0.346154,0,0,0,0,0.653846,0,0,
45019330,2142,0.293987,0,0,0,0,0.668151,0,0,
45019331,1521,0.386719,0,0,0,0,0.574219,0,0,
45019332,2848,0.249471,0,0,0,0,0.718816,0,0,
45019333,4060,0.210983,0,0,0,0,0.736994,0,0,
45019334,1785,0.32967,0,0,0,0,0.630037,0,0,
45019335,4845,0.263288,0,0,0,0,0.676143,0,0,
45019336,1881,0.410319,0,0,0,0,0.513514,0,0,
45019337,3698,0.516174,0,0,0,0,0.433193,0,0,
45019338,1793,0.206226,0,0,0,0,0.7393,0,0,
45019339,2251,0.26087,0,0,0,0,0.697723,0,0,
45019400,2110,0.431421,0,0,0,0,0.488778,0,0,
45019401,1033,0.853881,0,0,0,0,0.127854,0,0,
45019402,997,0.88,0,0,0,0,0.092,0,0,
45019403,1507,0.25523,0,0,0,0,0.694561,0,0,
45019404,795,0.231293,0,0,0,0,0.734694,0,0,
45019405,1728,0.507163,0,0,0,0,0.461318,0,0,
45019406,2075,0.40176,0,0,0,0,0.557185,0,0,
45019407,1645,0.574803,0,0,0,0,0.377953,0,0,
45019408,2477,0.427481,0,0,0,0,0.493639,0,0,
45019409,1642,0.412121,0,0,0,0,0.524242,0,0,
45019410,1754,0.407975,0,0,0,0,0.51227,0,0,
45019411,2009,0.338762,0,0,0,0,0.612378,0,0,
45019412,1371,0.213953,0,0,0,0,0.72093,0,0,
45019413,1598,0.354701,0,0,0,0,0.589744,0,0,
45019414,965,0.287879,0,0,0,0,0.636364,0,0,
45019415,1898,0.421053,0,0,0,0,0.502924,0,0,
45019417,2227,0.501484,0,0,0,0,0.400593,0,0,
45019419,1665,0.44127,0,0,0,0,0.466667,0,0,
45019420,1634,0.488294,0,0,0,0,0.448161,0,0,
45019422,1638,0.370504,0,0,0,0,0.535971,0,0,
45019440,2005,0.349741,0,0,0,0,0.61658,0,0,
45019441,1978,0.605911,0,0,0,0,0.332512,0,0,
45019442,4174,0.37963,0,0,0,0,0.572751,0,0,
45019443,2556,0.372943,0,0,0,0,0.566728,0,0,
45019444,1642,0.561446,0,0,0,0,0.404819,0,0,
45019445,1233,0.615672,0,0,0,0,0.350746,0,0,
45019460,880,0.813896,0,0,0,0,0.168734,0,0,
45019461,957,0.652997,0,0,0,0,0.29653,0,0,
45019462,1487,0.668235,0,0,0,0,0.308235,0,0,
45019463,1936,0.278761,0,0,0,0,0.683628,0,0,
45019464,1691,0.785185,0,0,0,0,0.17963,0,0,
45019465,1118,0.558219,0,0,0,0,0.414384,0,0,
45019466,1930,0.380383,0,0,0,0,0.576555,0,0,
45019501,788,0.63964,0,0,0,0,0.288288,0,0,
45019502,1427,0.58642,0,0,0,0,0.37037,0,0,
45019503,1536,0.814706,0,0,0,0,0.155882,0,0,
45019504,1434,0.292553,0,0,0,0,0.632979,0,0,
45019505,1354,0.46,0,0,0,0,0.486667,0,0,
45019506,1308,0.237885,0,0,0,0,0.704846,0,0,
45019507,1828,0.335616,0,0,0,0,0.589041,0,0,
45019508,1002,0.835979,0,0,0,0,0.10582,0,0,
45019509,1375,0.901961,0,0,0,0,0.0555556,0,0,
45019510,1209,0.563559,0,0,0,0,0.381356,0,0,
45019511,968,0.308219,0,0,0,0,0.630137,0,0,
45019512,1115,0.388889,0,0,0,0,0.541667,0,0,
45019513,1298,0.427027,0,0,0,0,0.524324,0,0,
45019514,1498,0.5,0,0,0,0,0.425325,0,0,
45019515,1528,0.772727,0,0,0,0,0.144628,0,0,
45019516,1142,0.348837,0,0,0,0,0.552326,0,0,
45019517,1768,0.349206,0,0,0,0,0.587302,0,0,
45019518,2031,0.686321,0,0,0,0,0.238208,0,0,
45019519,358,0.906667,0,0,0,0,0.08,0,0,
45019520,3019,0.60625,0,0,0,0,0.327083,0,0,
45019521,956,0.48951,0,0,0,0,0.447552,0,0,
45019522,1255,0.35,0,0,0,0,0.6,0,0,
45019523,1302,0.487179,0,0,0,0,0.435897,0,0,
45019524,1474,0.63913,0,0,0,0,0.286957,0,0,
45019525,1762,0.607143,0,0,0,0,0.325893,0,0,
45019526,1492,0.51938,0,0,0,0,0.426357,0,0,
45019527,3806,0.472952,0,0,0,0,0.465224,0,0,
45019528,2704,0.495885,0,0,0,0,0.438272,0,0,
45019529,3223,0.364486,0,0,0,0,0.566355,0,0,
45019530,2328,0.414925,0,0,0,0,0.486567,0,0,
45019531,1237,0.415254,0,0,0,0,0.525424,0,0,
45019532,1187,0.319838,0,0,0,0,0.62753,0,0,
45019533,736,0.333333,0,0,0,0,0.623932,0,0,
45019534,2391,0.280702,0,0,0,0,0.663743,0,0,
45019535,1841,0.295455,0,0,0,0,0.646104,0,0,
45019536,1767,0.286119,0,0,0,0,0.651558,0,0,
45019537,3826,0.378378,0,0,0,0,0.559618,0,0,
45019901,1048,0.935484,0,0,0,0,0.0215054,0,0,
45019902,680,0.937984,0,0,0,0,0.0310078,0,0,
45019903,1296,0.386207,0,0,0,0,0.551724,0,0,
45019904,1315,0.865625,0,0,0,0,0.103125,0,0,
45019905,2148,0.926335,0,0,0,0,0.0313076,0,0,
45019906,1496,0.91455,0,0,0,0,0.0300231,0,0,
45019907,1822,0.912946,0,0,0,0,0.046875,0,0,
45019908,940,0.526667,0,0,0,0,0.426667,0,0,
45019909,1569,0.648903,0,0,0,0,0.278997,0,0,
45019910,1547,0.804511,0,0,0,0,0.125313,0,0,
45019911,903,0.38125,0,0,0,0,0.5375,0,0,
45019912,771,0.453846,0,0,0,0,0.461538,0,0,
45019913,1036,0.893688,0,0,0,0,0.0664452,0,0,
45019914,648,0.647887,0,0,0,0,0.274648,0,0,
45019915,1420,0.831858,0,0,0,0,0.109145,0,0,
45019916,1039,0.84322,0,0,0,0,0.122881,0,0,
45019917,926,0.884259,0,0,0,0,0.0601852,0,0,
45019918,1867,0.804196,0,0,0,0,0.146853,0,0,
45019919,1234,0.8327,0,0,0,0,0.121673,0,0,
45019920,780,0.508571,0,0,0,0,0.434286,0,0,
45019921,1475,0.714286,0,0,0,0,0.232558,0,0,
45019922,1539,0.752,0,0,0,0,0.213333,0,0,
45019923,2103,0.603535,0,0,0,0,0.335859,0,0,
45019924,2644,0.713542,0,0,0,0,0.234375,0,0,
45019925,687,0.841346,0,0,0,0,0.0961538,0,0,
45019926,453,0.890909,0,0,0,0,0.0848485,0,0,
45019927,1181,0.758993,0,0,0,0,0.179856,0,0,
45019928,886,0.824176,0,0,0,0,0.10989,0,0,
45019929,943,0.703196,0,0,0,0,0.228311,0,0,
45019930,1996,0.737452,0,0,0,0,0.204633,0,0,
45021001,1031,0.100346,0,0,0,0,0.823529,0,0,
45021002,1787,0.580275,0,0,0,0,0.37844,0,0,
45021004,1115,0.0942761,0,0,0,0,0.872054,0,0,
45021005,961,0.325926,0,0,0,0,0.640741,0,0,
45021006,1357,0.174935,0,0,0,0,0.78329,0,0,
45021010,1539,0.294118,0,0,0,0,0.636829,0,0,
45021012,765,0.774059,0,0,0,0,0.179916,0,0,
45021013,1235,0.81701,0,0,0,0,0.149485,0,0,
45021014,1062,0.886029,0,0,0,0,0.0845588,0,0,
45021015,1241,0.635593,0,0,0,0,0.333333,0,0,
45021016,1067,0.419214,0,0,0,0,0.519651,0,0,
45021017,1142,0.332,0,0,0,0,0.64,0,0,
45021018,1982,0.270661,0,0,0,0,0.683884,0,0,
45021021,853,0.56621,0,0,0,0,0.365297,0,0,
45021024,1106,0.113111,0,0,0,0,0.856041,0,0,
45021025,1342,0.331307,0,0,0,0,0.635258,0,0,
45081014,667,0.156716,0,0,0,0,0.835821,0,0,
45021028,732,0.747706,0,0,0,0,0.211009,0,0,
45021030,881,0.138889,0,0,0,0,0.805556,0,0,
45023001,1198,0.74026,0,0,0,0,0.186147,0,0,
45023002,727,0.26087,0,0,0,0,0.669565,0,0,
45023003,933,0.618421,0,0,0,0,0.355263,0,0,
45039001,63,0.846154,0,0,0,0,0.153846,0,0,
45023009,1043,0.311419,0,0,0,0,0.626298,0,0,
45023010,1632,0.720365,0,0,0,0,0.215805,0,0,
45023011,1430,0.43956,0,0,0,0,0.525275,0,0,
45023012,209,0.756757,0,0,0,0,0.22973,0,0,
45023013,773,0.33758,0,0,0,0,0.579618,0,0,
45023018,1010,0.29064,0,0,0,0,0.62069,0,0,
45023021,1369,0.406877,0,0,0,0,0.538682,0,0,
45023022,1312,0.384956,0,0,0,0,0.566372,0,0,
45023023,405,0.409524,0,0,0,0,0.561905,0,0,
45023024,545,0.552632,0,0,0,0,0.403509,0,0,
45023029,1684,0.78125,0,0,0,0,0.173611,0,0,
45023030,1006,0.89,0,0,0,0,0.075,0,0,
45023031,1579,0.622549,0,0,0,0,0.308824,0,0,
45023032,1191,0.8159,0,0,0,0,0.142259,0,0,
450251,619,0.423913,0,0,0,0,0.538043,0,0,
450252,378,0.22449,0,0,0,0,0.714286,0,0,
45049019,244,0.428571,0,0,0,0,0.489796,0,0,
450254,1744,0.748092,0,0,0,0,0.236641,0,0,
450255,1115,0.676829,0,0,0,0,0.317073,0,0,
450256,1069,0.608939,0,0,0,0,0.365922,0,0,
450257,1498,0.473837,0,0,0,0,0.468023,0,0,
450258,1052,0.577778,0,0,0,0,0.359259,0,0,
450259,1971,0.834545,0,0,0,0,0.134545,0,0,
4502510,1477,0.675214,0,0,0,0,0.279202,0,0,
4502511,1992,0.460177,0,0,0,0,0.483776,0,0,
4502512,828,0.296429,0,0,0,0,0.675,0,0,
4502513,1203,0.428571,0,0,0,0,0.49026,0,0,
4502514,1692,0.5,0,0,0,0,0.463158,0,0,
4502515,1605,0.468085,0,0,0,0,0.475822,0,0,
4502516,755,0.131707,0,0,0,0,0.843902,0,0,
4502518,708,0.139785,0,0,0,0,0.77957,0,0,
4502519,1881,0.553043,0,0,0,0,0.417391,0,0,
4502520,1607,0.485019,0,0,0,0,0.458801,0,0,
4502521,734,0.430693,0,0,0,0,0.490099,0,0,
45043115,298,0.226667,0,0,0,0,0.746667,0,0,
4502523,1014,0.531646,0,0,0,0,0.409283,0,0,
4502525,561,0.282828,0,0,0,0,0.666667,0,0,
45027001,926,0.64486,0,0,0,0,0.327103,0,0,
45027002,477,0.103448,0,0,0,0,0.890805,0,0,
45027003,149,0.403509,0,0,0,0,0.54386,0,0,
45027004,499,0.491935,0,0,0,0,0.5,0,0,
45027005,595,0.876777,0,0,0,0,0.109005,0,0,
45027006,1955,0.478161,0,0,0,0,0.48046,0,0,
45089009,296,0.333333,0,0,0,0,0.651163,0,0,
45027008,565,0.245614,0,0,0,0,0.736842,0,0,
45027009,360,0.25,0,0,0,0,0.73913,0,0,
45027010,2531,0.282192,0,0,0,0,0.660274,0,0,
45027011,720,0.743243,0,0,0,0,0.209459,0,0,
45027012,1075,0.696133,0,0,0,0,0.270718,0,0,
45027013,1572,0.421569,0,0,0,0,0.534314,0,0,
45027014,1776,0.953125,0,0,0,0,0.0416667,0,0,
45027015,1108,0.629268,0,0,0,0,0.336585,0,0,
45027016,469,0.493151,0,0,0,0,0.479452,0,0,
45027017,1019,0.684411,0,0,0,0,0.262357,0,0,
45027018,265,0.842697,0,0,0,0,0.146067,0,0,
45027019,348,0.813333,0,0,0,0,0.18,0,0,
45027020,2364,0.432836,0,0,0,0,0.539801,0,0,
45027021,460,0.811881,0,0,0,0,0.158416,0,0,
45027022,1201,0.917808,0,0,0,0,0.0650685,0,0,
45027023,1060,0.352584,0,0,0,0,0.635258,0,0,
45027025,278,0.728972,0,0,0,0,0.252336,0,0,
45029002,276,0.573333,0,0,0,0,0.373333,0,0,
45029006,1610,0.295393,0,0,0,0,0.631436,0,0,
45029008,909,0.838926,0,0,0,0,0.14094,0,0,
45029009,1077,0.710366,0,0,0,0,0.234756,0,0,
45029010,645,0.29878,0,0,0,0,0.628049,0,0,
45029011,572,0.325397,0,0,0,0,0.611111,0,0,
45029012,345,0.863354,0,0,0,0,0.111801,0,0,
45029014,945,0.163636,0,0,0,0,0.768182,0,0,
45029015,792,0.678571,0,0,0,0,0.311224,0,0,
45029017,1140,0.46875,0,0,0,0,0.5,0,0,
45029018,231,0.326923,0,0,0,0,0.615385,0,0,
45029019,962,0.505556,0,0,0,0,0.416667,0,0,
45029020,737,0.773109,0,0,0,0,0.201681,0,0,
45029021,1031,0.405797,0,0,0,0,0.565217,0,0,
45029022,603,0.472222,0,0,0,0,0.4375,0,0,
45029023,287,0.544118,0,0,0,0,0.426471,0,0,
45029024,542,0.24183,0,0,0,0,0.72549,0,0,
45029026,666,0.236025,0,0,0,0,0.732919,0,0,
45029027,586,0.340136,0,0,0,0,0.612245,0,0,
45029029,1399,0.527473,0,0,0,0,0.423077,0,0,
45029030,1319,0.639269,0,0,0,0,0.292237,0,0,
45029031,1475,0.882736,0,0,0,0,0.0846906,0,0,
45029032,1500,0.434978,0,0,0,0,0.493274,0,0,
45029033,276,0.579545,0,0,0,0,0.409091,0,0,
45029035,1022,0.161538,0,0,0,0,0.830769,0,0,
45057001,840,0.214286,0,0,0,0,0.742857,0,0,
45031002,727,0.828767,0,0,0,0,0.133562,0,0,
45031004,1204,0.283951,0,0,0,0,0.679012,0,0,
45031005,725,0.361702,0,0,0,0,0.62234,0,0,
45031007,373,0.666667,0,0,0,0,0.269231,0,0,
45031008,1670,0.747277,0,0,0,0,0.235294,0,0,
45031010,1598,0.776836,0,0,0,0,0.194915,0,0,
45031011,1879,0.936803,0,0,0,0,0.0334572,0,0,
45031012,1545,0.719723,0,0,0,0,0.259516,0,0,
45031013,1297,0.222222,0,0,0,0,0.707819,0,0,
45031016,1032,0.797101,0,0,0,0,0.171014,0,0,
45031017,2400,0.453686,0,0,0,0,0.482042,0,0,
45031018,1817,0.986441,0,0,0,0,0.00677966,0,0,
45031019,1183,0.54321,0,0,0,0,0.419753,0,0,
45031020,2683,0.214393,0,0,0,0,0.752624,0,0,
45041035,470,0.300699,0,0,0,0,0.615385,0,0,
45031022,646,0.323232,0,0,0,0,0.60101,0,0,
45031024,1359,0.471193,0,0,0,0,0.489712,0,0,
45031025,870,0.69914,0,0,0,0,0.283668,0,0,
45031026,1544,0.491461,0,0,0,0,0.481973,0,0,
45031027,717,0.778146,0,0,0,0,0.198675,0,0,
45031028,1793,0.622222,0,0,0,0,0.351515,0,0,
45047026,926,0.492424,0,0,0,0,0.469697,0,0,
45031032,959,0.450425,0,0,0,0,0.521246,0,0,
45091068,2513,0.316456,0,0,0,0,0.63472,0,0,
45031036,849,0.76435,0,0,0,0,0.202417,0,0,
45031037,901,0.407801,0,0,0,0,0.560284,0,0,
45031038,2812,0.525097,0,0,0,0,0.442085,0,0,
45031040,1744,0.553648,0,0,0,0,0.407725,0,0,
45031041,1786,0.471136,0,0,0,0,0.482309,0,0,
45033001,1968,0.296943,0,0,0,0,0.628821,0,0,
45033002,2473,0.79759,0,0,0,0,0.115663,0,0,
45033003,1986,0.845912,0,0,0,0,0.106918,0,0,
45033004,2799,0.712245,0,0,0,0,0.230612,0,0,
45033005,370,0.579545,0,0,0,0,0.397727,0,0,
45033006,1220,0.588997,0,0,0,0,0.36246,0,0,
45033007,492,0.723404,0,0,0,0,0.255319,0,0,
45033008,231,0.54717,0,0,0,0,0.415094,0,0,
45033009,2235,0.795501,0,0,0,0,0.141104,0,0,
45033010,297,0.660714,0,0,0,0,0.303571,0,0,
45057020,1302,0.444068,0,0,0,0,0.494915,0,0,
45033012,964,0.625,0,0,0,0,0.298611,0,0,
45071031,790,0.87907,0,0,0,0,0.0511628,0,0,
45091086,1286,0.286275,0,0,0,0,0.682353,0,0,
45033015,738,0.778894,0,0,0,0,0.18593,0,0,
45033016,230,0.839286,0,0,0,0,0.142857,0,0,
45033018,416,0.637931,0,0,0,0,0.275862,0,0,
45033019,618,0.352941,0,0,0,0,0.571429,0,0,
45033020,379,0.45283,0,0,0,0,0.518868,0,0,
45035025,1376,0.567929,0,0,0,0,0.394209,0,0,
45035026,861,0.470899,0,0,0,0,0.492063,0,0,
45035027,1235,0.632143,0,0,0,0,0.314286,0,0,
45035028,874,0.584906,0,0,0,0,0.377358,0,0,
45035029,1003,0.598187,0,0,0,0,0.359517,0,0,
45035030,698,0.449782,0,0,0,0,0.480349,0,0,
45035031,1032,0.548023,0,0,0,0,0.409605,0,0,
45035033,997,0.498339,0,0,0,0,0.458472,0,0,
45035034,921,0.494118,0,0,0,0,0.454902,0,0,
45035035,940,0.388112,0,0,0,0,0.566434,0,0,
45035036,533,0.866438,0,0,0,0,0.123288,0,0,
45035037,496,0.238532,0,0,0,0,0.706422,0,0,
45035038,1203,0.563934,0,0,0,0,0.337705,0,0,
45035039,1602,0.474453,0,0,0,0,0.448905,0,0,
45035040,821,0.231293,0,0,0,0,0.687075,0,0,
45035041,1340,0.201681,0,0,0,0,0.781513,0,0,
45035042,1374,0.271375,0,0,0,0,0.665428,0,0,
45035043,1370,0.293919,0,0,0,0,0.648649,0,0,
45035044,1741,0.388102,0,0,0,0,0.580737,0,0,
45035045,1492,0.324111,0,0,0,0,0.616601,0,0,
45035046,1402,0.454902,0,0,0,0,0.486275,0,0,
45035047,1287,0.246512,0,0,0,0,0.706977,0,0,
45035049,1300,0.329843,0,0,0,0,0.565445,0,0,
45035050,1376,0.492163,0,0,0,0,0.46395,0,0,
45035052,1086,0.247191,0,0,0,0,0.700375,0,0,
45035054,641,0.748691,0,0,0,0,0.219895,0,0,
45035055,1381,0.226054,0,0,0,0,0.720307,0,0,
45035056,516,0.445783,0,0,0,0,0.53012,0,0,
45035057,1001,0.272727,0,0,0,0,0.652406,0,0,
45035058,760,0.138728,0,0,0,0,0.803468,0,0,
45035060,1107,0.377432,0,0,0,0,0.521401,0,0,
45035061,1016,0.483333,0,0,0,0,0.433333,0,0,
45035062,622,0.265487,0,0,0,0,0.663717,0,0,
45035063,2308,0.431005,0,0,0,0,0.502555,0,0,
45035064,936,0.457692,0,0,0,0,0.492308,0,0,
45035066,1956,0.311905,0,0,0,0,0.616667,0,0,
45035067,744,0.25,0,0,0,0,0.671053,0,0,
45079309,2971,0.784185,0,0,0,0,0.171334,0,0,
45035069,1932,0.349741,0,0,0,0,0.611399,0,0,
45035071,2180,0.353604,0,0,0,0,0.59009,0,0,
45061008,550,0.751269,0,0,0,0,0.218274,0,0,
45035074,1812,0.666667,0,0,0,0,0.271111,0,0,
45035075,2124,0.315673,0,0,0,0,0.624724,0,0,
45035076,2586,0.435,0,0,0,0,0.511667,0,0,
45035077,1660,0.720455,0,0,0,0,0.225,0,0,
45035078,1549,0.269231,0,0,0,0,0.650641,0,0,
45035079,1693,0.374684,0,0,0,0,0.567089,0,0,
45035080,776,0.378049,0,0,0,0,0.542683,0,0,
45035081,1628,0.419178,0,0,0,0,0.531507,0,0,
45035082,881,0.142132,0,0,0,0,0.812183,0,0,
45035083,1244,0.187279,0,0,0,0,0.734982,0,0,
45035084,1703,0.202778,0,0,0,0,0.725,0,0,
45035085,1422,0.356932,0,0,0,0,0.560472,0,0,
45035086,1049,0.372807,0,0,0,0,0.570175,0,0,
45035087,838,0.271605,0,0,0,0,0.660494,0,0,
45077109,1500,0.395639,0,0,0,0,0.538941,0,0,
45077106,2206,0.277778,0,0,0,0,0.647436,0,0,
45035090,1760,0.345238,0,0,0,0,0.580357,0,0,
45035091,2299,0.428571,0,0,0,0,0.510763,0,0,
45035092,1066,0.22963,0,0,0,0,0.711111,0,0,
45035093,1612,0.424069,0,0,0,0,0.492837,0,0,
45035094,1018,0.425087,0,0,0,0,0.536585,0,0,
45035095,968,0.603636,0,0,0,0,0.363636,0,0,
45035096,550,0.407407,0,0,0,0,0.518519,0,0,
45035097,690,0.258993,0,0,0,0,0.676259,0,0,
45035099,790,0.175182,0,0,0,0,0.773723,0,0,
45035100,1430,0.752508,0,0,0,0,0.197324,0,0,
45035101,719,0.580247,0,0,0,0,0.395062,0,0,
45035102,1376,0.445122,0,0,0,0,0.454268,0,0,
45035103,1111,0.39899,0,0,0,0,0.520202,0,0,
45045342,2204,0.420334,0,0,0,0,0.518968,0,0,
45037010,473,0.686131,0,0,0,0,0.29927,0,0,
45049001,716,0.611842,0,0,0,0,0.315789,0,0,
45039002,440,0.932692,0,0,0,0,0.0576923,0,0,
45039003,292,0.363636,0,0,0,0,0.636364,0,0,
45039004,309,0.860215,0,0,0,0,0.129032,0,0,
45039005,1894,0.783439,0,0,0,0,0.169851,0,0,
45039008,355,0.848,0,0,0,0,0.08,0,0,
45039009,924,0.849802,0,0,0,0,0.134387,0,0,
45039011,765,0.61753,0,0,0,0,0.342629,0,0,
45079348,1890,0.659813,0,0,0,0,0.314019,0,0,
45039013,2239,0.108747,0,0,0,0,0.869976,0,0,
45039014,2223,0.742149,0,0,0,0,0.22314,0,0,
45077136,1296,0.570968,0,0,0,0,0.367742,0,0,
45039016,771,0.895238,0,0,0,0,0.0619048,0,0,
45039017,837,0.693252,0,0,0,0,0.251534,0,0,
45039018,1575,0.80719,0,0,0,0,0.130719,0,0,
45039019,1151,0.719828,0,0,0,0,0.211207,0,0,
45051215,668,0.0970464,0,0,0,0,0.843882,0,0,
45039021,140,0.883721,0,0,0,0,0.0697674,0,0,
45039022,1345,0.265517,0,0,0,0,0.693103,0,0,
45041001,624,0.271318,0,0,0,0,0.651163,0,0,
45041002,660,0.822727,0,0,0,0,0.159091,0,0,
45041003,853,0.498127,0,0,0,0,0.468165,0,0,
45041004,2042,0.395349,0,0,0,0,0.57907,0,0,
45041006,850,0.362445,0,0,0,0,0.572052,0,0,
45041007,860,0.294118,0,0,0,0,0.666667,0,0,
45041008,2625,0.549696,0,0,0,0,0.399594,0,0,
45041009,1940,0.247126,0,0,0,0,0.706897,0,0,
45041010,3657,0.27983,0,0,0,0,0.667614,0,0,
45041011,2401,0.398,0,0,0,0,0.58,0,0,
45041012,1340,0.279167,0,0,0,0,0.679167,0,0,
45041013,870,0.214286,0,0,0,0,0.747253,0,0,
45041014,1511,0.291667,0,0,0,0,0.679688,0,0,
45041015,1035,0.329457,0,0,0,0,0.624031,0,0,
45041031,444,0.166667,0,0,0,0,0.8,0,0,
45063007,1977,0.153846,0,0,0,0,0.80397,0,0,
45041033,2048,0.504444,0,0,0,0,0.457778,0,0,
45041034,666,0.105263,0,0,0,0,0.859649,0,0,
45041036,2057,0.377567,0,0,0,0,0.590837,0,0,
45041037,1018,0.6781,0,0,0,0,0.30343,0,0,
45041038,1501,0.842697,0,0,0,0,0.137079,0,0,
45041039,1165,0.469256,0,0,0,0,0.488673,0,0,
45041040,1648,0.688841,0,0,0,0,0.266094,0,0,
45041041,2244,0.962751,0,0,0,0,0.0200573,0,0,
45041042,341,0.45098,0,0,0,0,0.509804,0,0,
45041043,2316,0.521495,0,0,0,0,0.429907,0,0,
45041044,1529,0.351429,0,0,0,0,0.608571,0,0,
45041045,717,0.408072,0,0,0,0,0.55157,0,0,
45041046,618,0.74902,0,0,0,0,0.211765,0,0,
45041047,1026,0.206081,0,0,0,0,0.739865,0,0,
45041048,1353,0.541578,0,0,0,0,0.426439,0,0,
45041049,1028,0.350993,0,0,0,0,0.60596,0,0,
45041050,710,0.80315,0,0,0,0,0.161417,0,0,
45041051,322,0.0608696,0,0,0,0,0.869565,0,0,
45041052,1000,0.793388,0,0,0,0,0.173554,0,0,
45085109,430,0.862069,0,0,0,0,0.114943,0,0,
45041054,4140,0.583016,0,0,0,0,0.380228,0,0,
45041055,954,0.525424,0,0,0,0,0.454237,0,0,
45041058,1232,0.947945,0,0,0,0,0.0328767,0,0,
45041059,1778,0.463807,0,0,0,0,0.490617,0,0,
45041062,628,0.231884,0,0,0,0,0.729469,0,0,
45043101,1732,0.810707,0,0,0,0,0.1587,0,0,
45043102,1071,0.638404,0,0,0,0,0.346633,0,0,
45089001,344,0.628319,0,0,0,0,0.336283,0,0,
45043105,1764,0.86944,0,0,0,0,0.116212,0,0,
45061007,318,0.627451,0,0,0,0,0.303922,0,0,
45043108,988,0.807263,0,0,0,0,0.178771,0,0,
45043110,825,0.310458,0,0,0,0,0.663399,0,0,
45043111,943,0.470588,0,0,0,0,0.470588,0,0,
45043113,1526,0.904632,0,0,0,0,0.0544959,0,0,
45043114,530,0.421687,0,0,0,0,0.53012,0,0,
45043116,1048,0.205479,0,0,0,0,0.776256,0,0,
45043117,2957,0.214533,0,0,0,0,0.760092,0,0,
45043118,2063,0.273205,0,0,0,0,0.704028,0,0,
45043119,806,0.270142,0,0,0,0,0.725118,0,0,
45043120,1450,0.144385,0,0,0,0,0.812834,0,0,
45043121,459,0.938596,0,0,0,0,0.0526316,0,0,
45043122,2972,0.228525,0,0,0,0,0.742301,0,0,
45043123,3325,0.4,0,0,0,0,0.562963,0,0,
45043124,2330,0.215217,0,0,0,0,0.752174,0,0,
45043125,2467,0.142857,0,0,0,0,0.819672,0,0,
45043126,2903,0.198058,0,0,0,0,0.778641,0,0,
45043127,488,0.384615,0,0,0,0,0.598291,0,0,
45043128,692,0.871711,0,0,0,0,0.128289,0,0,
45043130,600,0.483755,0,0,0,0,0.487365,0,0,
45043131,1004,0.840686,0,0,0,0,0.139706,0,0,
45043132,1185,0.869668,0,0,0,0,0.104265,0,0,
45043133,1788,0.564551,0,0,0,0,0.387309,0,0,
45043134,896,0.266304,0,0,0,0,0.690217,0,0,
45045201,1733,0.338509,0,0,0,0,0.614907,0,0,
45045203,2492,0.384279,0,0,0,0,0.565502,0,0,
45045204,2805,0.69462,0,0,0,0,0.254747,0,0,
45045205,2878,0.569177,0,0,0,0,0.381786,0,0,
45045206,671,0.838323,0,0,0,0,0.131737,0,0,
45045207,2046,0.85205,0,0,0,0,0.110517,0,0,
45045208,3060,0.76391,0,0,0,0,0.190977,0,0,
45045210,2501,0.574713,0,0,0,0,0.390805,0,0,
45045214,1936,0.933993,0,0,0,0,0.039604,0,0,
45045216,2032,0.3,0,0,0,0,0.664286,0,0,
45045217,1764,0.279743,0,0,0,0,0.688103,0,0,
45045218,1517,0.207031,0,0,0,0,0.761719,0,0,
45045219,2438,0.857143,0,0,0,0,0.10162,0,0,
45045220,1289,0.243902,0,0,0,0,0.731707,0,0,
45045221,1652,0.34629,0,0,0,0,0.611307,0,0,
45045222,2323,0.298025,0,0,0,0,0.655296,0,0,
45045223,2035,0.175066,0,0,0,0,0.806366,0,0,
45045224,4028,0.423457,0,0,0,0,0.537037,0,0,
45045225,2187,0.453252,0,0,0,0,0.457317,0,0,
45045226,1951,0.679167,0,0,0,0,0.266667,0,0,
45045227,1307,0.156863,0,0,0,0,0.794118,0,0,
45045228,1269,0.538462,0,0,0,0,0.376923,0,0,
45045229,2025,0.775087,0,0,0,0,0.16955,0,0,
45045230,1000,0.619565,0,0,0,0,0.318841,0,0,
45045231,1249,0.175385,0,0,0,0,0.790769,0,0,
45045232,3087,0.181495,0,0,0,0,0.799526,0,0,
45045233,1627,0.282297,0,0,0,0,0.665072,0,0,
45045234,1857,0.939971,0,0,0,0,0.0351391,0,0,
45045235,2909,0.251564,0,0,0,0,0.702128,0,0,
45045236,999,0.727011,0,0,0,0,0.232759,0,0,
45045237,1517,0.533049,0,0,0,0,0.413646,0,0,
45063016,1976,0.212446,0,0,0,0,0.761803,0,0,
45045239,1857,0.357995,0,0,0,0,0.579952,0,0,
45045240,1324,0.348525,0,0,0,0,0.600536,0,0,
45045241,2990,0.249315,0,0,0,0,0.713699,0,0,
45045243,1894,0.518145,0,0,0,0,0.425403,0,0,
45045291,2628,0.257256,0,0,0,0,0.708443,0,0,
45045244,1605,0.156627,0,0,0,0,0.783133,0,0,
45045246,2420,0.486131,0,0,0,0,0.471533,0,0,
45045247,2414,0.141429,0,0,0,0,0.818571,0,0,
45045248,2617,0.442834,0,0,0,0,0.516908,0,0,
45045249,1942,0.187793,0,0,0,0,0.776995,0,0,
45045250,1075,0.754986,0,0,0,0,0.213675,0,0,
45045251,2004,0.271028,0,0,0,0,0.679907,0,0,
45045252,2217,0.133425,0,0,0,0,0.829436,0,0,
45045253,2354,0.29374,0,0,0,0,0.654896,0,0,
45091013,1315,0.253012,0,0,0,0,0.702811,0,0,
45045255,2353,0.258537,0,0,0,0,0.689431,0,0,
45045256,2766,0.307914,0,0,0,0,0.651799,0,0,
45045257,1440,0.405751,0,0,0,0,0.533546,0,0,
45045258,1804,0.15832,0,0,0,0,0.79483,0,0,
45045259,3121,0.511018,0,0,0,0,0.448059,0,0,
45045260,1430,0.323877,0,0,0,0,0.631206,0,0,
45085150,1550,0.232673,0,0,0,0,0.688119,0,0,
45045265,1937,0.127273,0,0,0,0,0.838017,0,0,
45045267,1813,0.655955,0,0,0,0,0.304348,0,0,
45045270,1758,0.15,0,0,0,0,0.808696,0,0,
45045271,2598,0.468886,0,0,0,0,0.47178,0,0,
45045272,2321,0.298742,0,0,0,0,0.657233,0,0,
45045273,2550,0.412564,0,0,0,0,0.531409,0,0,
45045275,1942,0.3408,0,0,0,0,0.6112,0,0,
45045276,1839,0.2176,0,0,0,0,0.7488,0,0,
45045277,2161,0.439791,0,0,0,0,0.504363,0,0,
45045278,3647,0.343158,0,0,0,0,0.605263,0,0,
45045279,2597,0.574074,0,0,0,0,0.382716,0,0,
45045280,3238,0.414857,0,0,0,0,0.546286,0,0,
45045281,3234,0.417808,0,0,0,0,0.527397,0,0,
45045282,2315,0.41543,0,0,0,0,0.534125,0,0,
45045284,2611,0.273703,0,0,0,0,0.706619,0,0,
45045285,2274,0.488844,0,0,0,0,0.419878,0,0,
45077116,1453,0.125806,0,0,0,0,0.854839,0,0,
45045288,3512,0.297456,0,0,0,0,0.671233,0,0,
45045289,2118,0.271347,0,0,0,0,0.686907,0,0,
45045319,2893,0.221774,0,0,0,0,0.741935,0,0,
45045293,1358,0.197568,0,0,0,0,0.768997,0,0,
45045294,2200,0.225329,0,0,0,0,0.733553,0,0,
45045295,1158,0.232394,0,0,0,0,0.746479,0,0,
45063053,1814,0.263305,0,0,0,0,0.70028,0,0,
45045298,2676,0.298532,0,0,0,0,0.660685,0,0,
45045299,2873,0.374424,0,0,0,0,0.580645,0,0,
45045263,1966,0.483516,0,0,0,0,0.481947,0,0,
45079363,3024,0.643857,0,0,0,0,0.309487,0,0,
45045302,2937,0.405316,0,0,0,0,0.549834,0,0,
45045303,2236,0.409434,0,0,0,0,0.554717,0,0,
45045304,1831,0.240741,0,0,0,0,0.742798,0,0,
45045305,1561,0.892532,0,0,0,0,0.0710383,0,0,
45077145,1208,0.205195,0,0,0,0,0.753247,0,0,
45045307,3115,0.132505,0,0,0,0,0.824017,0,0,
45045308,2723,0.2261,0,0,0,0,0.726859,0,0,
45045309,2211,0.2167,0,0,0,0,0.759443,0,0,
45045310,2557,0.367953,0,0,0,0,0.581602,0,0,
45045311,1696,0.395299,0,0,0,0,0.534188,0,0,
45045312,2461,0.25832,0,0,0,0,0.706815,0,0,
45045313,2096,0.400347,0,0,0,0,0.526863,0,0,
45045314,1905,0.495697,0,0,0,0,0.445783,0,0,
45045315,2730,0.359073,0,0,0,0,0.58816,0,0,
45079365,1388,0.726923,0,0,0,0,0.203846,0,0,
45045317,2846,0.128355,0,0,0,0,0.8028,0,0,
45045318,2341,0.541899,0,0,0,0,0.422719,0,0,
45045320,2558,0.428875,0,0,0,0,0.528662,0,0,
45045245,2538,0.355207,0,0,0,0,0.599144,0,0,
45045322,1927,0.267974,0,0,0,0,0.697168,0,0,
45045323,2786,0.317241,0,0,0,0,0.631724,0,0,
45045324,2400,0.201389,0,0,0,0,0.763889,0,0,
45045325,2238,0.276295,0,0,0,0,0.673469,0,0,
45045327,2586,0.561662,0,0,0,0,0.392761,0,0,
45045328,2392,0.481268,0,0,0,0,0.461095,0,0,
45045329,3444,0.290532,0,0,0,0,0.673152,0,0,
45045330,2429,0.125567,0,0,0,0,0.833585,0,0,
45045331,2635,0.292089,0,0,0,0,0.647059,0,0,
45045332,2547,0.448,0,0,0,0,0.4864,0,0,
45045334,2224,0.147105,0,0,0,0,0.804382,0,0,
45045336,2523,0.350746,0,0,0,0,0.610075,0,0,
45045337,4520,0.2712,0,0,0,0,0.6928,0,0,
45045339,2345,0.625578,0,0,0,0,0.328197,0,0,
45045340,1532,0.231003,0,0,0,0,0.741641,0,0,
45045341,1887,0.390196,0,0,0,0,0.556863,0,0,
45045343,2656,0.536939,0,0,0,0,0.424802,0,0,
45045344,2752,0.25523,0,0,0,0,0.718271,0,0,
45045345,1816,0.817544,0,0,0,0,0.131579,0,0,
45045357,1416,0.245283,0,0,0,0,0.709906,0,0,
45045347,1711,0.227273,0,0,0,0,0.75,0,0,
45045290,2586,0.162162,0,0,0,0,0.806757,0,0,
45045335,1899,0.161922,0,0,0,0,0.80427,0,0,
45045346,1600,0.181053,0,0,0,0,0.793684,0,0,
45045353,2622,0.311741,0,0,0,0,0.646424,0,0,
45045350,1539,0.240185,0,0,0,0,0.727483,0,0,
45045348,1796,0.362919,0,0,0,0,0.599606,0,0,
45085103,1018,0.638298,0,0,0,0,0.310638,0,0,
45045264,1375,0.222527,0,0,0,0,0.755495,0,0,
45045349,2417,0.339652,0,0,0,0,0.625592,0,0,
45045261,1551,0.148069,0,0,0,0,0.815451,0,0,
45073008,384,0.209524,0,0,0,0,0.704762,0,0,
45045321,2926,0.43027,0,0,0,0,0.527568,0,0,
45045352,2567,0.140415,0,0,0,0,0.822955,0,0,
45045266,2722,0.557377,0,0,0,0,0.391101,0,0,
45079362,1577,0.762658,0,0,0,0,0.193038,0,0,
45045268,2275,0.310458,0,0,0,0,0.647059,0,0,
45045354,1796,0.35206,0,0,0,0,0.593633,0,0,
45045333,2487,0.286913,0,0,0,0,0.672819,0,0,
45045355,1566,0.224944,0,0,0,0,0.701559,0,0,
45045356,1482,0.352332,0,0,0,0,0.585492,0,0,
45045274,2120,0.357585,0,0,0,0,0.617647,0,0,
45047001,914,0.860656,0,0,0,0,0.0942623,0,0,
45047002,1191,0.961538,0,0,0,0,0.025641,0,0,
45047003,1266,0.454545,0,0,0,0,0.481818,0,0,
45047004,1105,0.541528,0,0,0,0,0.415282,0,0,
45047005,767,0.801205,0,0,0,0,0.162651,0,0,
45047006,953,0.680769,0,0,0,0,0.284615,0,0,
45047007,1287,0.681818,0,0,0,0,0.25,0,0,
45047008,895,0.409283,0,0,0,0,0.548523,0,0,
45047009,1410,0.168498,0,0,0,0,0.794872,0,0,
45047010,721,0.431373,0,0,0,0,0.522876,0,0,
45047011,1389,0.372093,0,0,0,0,0.565891,0,0,
45047014,703,0.491429,0,0,0,0,0.405714,0,0,
45047015,1273,0.251445,0,0,0,0,0.722543,0,0,
45047016,1122,0.572289,0,0,0,0,0.388554,0,0,
45047017,1429,0.139726,0,0,0,0,0.810959,0,0,
45047018,935,0.361257,0,0,0,0,0.575916,0,0,
45047019,1024,0.484018,0,0,0,0,0.479452,0,0,
45047020,623,0.189055,0,0,0,0,0.771144,0,0,
45047021,911,0.236842,0,0,0,0,0.706767,0,0,
45047022,201,0.373333,0,0,0,0,0.56,0,0,
45047023,147,0.395349,0,0,0,0,0.55814,0,0,
45047024,637,0.174863,0,0,0,0,0.79235,0,0,
45047025,1386,0.566766,0,0,0,0,0.385757,0,0,
45047027,689,0.825843,0,0,0,0,0.117978,0,0,
45091030,1673,0.32634,0,0,0,0,0.631702,0,0,
45047029,594,0.216216,0,0,0,0,0.756757,0,0,
45047030,1197,0.645963,0,0,0,0,0.322981,0,0,
45047031,218,0.5,0,0,0,0,0.484848,0,0,
45047032,288,0.244444,0,0,0,0,0.655556,0,0,
45047033,815,0.262411,0,0,0,0,0.652482,0,0,
45047034,1465,0.206989,0,0,0,0,0.752688,0,0,
45047036,1050,0.103321,0,0,0,0,0.859779,0,0,
45047037,958,0.387755,0,0,0,0,0.566327,0,0,
45047038,817,0.156627,0,0,0,0,0.831325,0,0,
45047041,856,0.6,0,0,0,0,0.365957,0,0,
45047042,1075,0.326007,0,0,0,0,0.608059,0,0,
45047043,662,0.786585,0,0,0,0,0.158537,0,0,
45047044,1278,0.122867,0,0,0,0,0.866894,0,0,
45049004,2059,0.75693,0,0,0,0,0.215352,0,0,
45049005,463,0.653465,0,0,0,0,0.29703,0,0,
45049006,160,0.933333,0,0,0,0,0.0666667,0,0,
45049007,2512,0.852033,0,0,0,0,0.102439,0,0,
45049009,736,0.384615,0,0,0,0,0.509615,0,0,
45049011,404,0.92,0,0,0,0,0.02,0,0,
45049013,1249,0.704348,0,0,0,0,0.24058,0,0,
45049014,80,0.1,0,0,0,0,0.8,0,0,
45049015,65,0.8,0,0,0,0,0.1,0,0,
45049017,556,0.551471,0,0,0,0,0.338235,0,0,
45049018,809,0.659574,0,0,0,0,0.302128,0,0,
45049021,345,0.924731,0,0,0,0,0.0698925,0,0,
45051101,2030,0.2304,0,0,0,0,0.7104,0,0,
45051102,677,0.180995,0,0,0,0,0.79638,0,0,
45051103,412,0.877551,0,0,0,0,0.102041,0,0,
45051104,1519,0.172708,0,0,0,0,0.793177,0,0,
45051107,1602,0.125245,0,0,0,0,0.812133,0,0,
45051115,1909,0.414458,0,0,0,0,0.515663,0,0,
45051118,429,0.267606,0,0,0,0,0.725352,0,0,
45051119,1904,0.218182,0,0,0,0,0.709091,0,0,
45051120,1278,0.225564,0,0,0,0,0.719298,0,0,
45051121,2642,0.230198,0,0,0,0,0.725248,0,0,
45051123,1453,0.427105,0,0,0,0,0.523614,0,0,
45051127,1248,0.296296,0,0,0,0,0.637037,0,0,
45051133,3490,0.270874,0,0,0,0,0.683495,0,0,
45051135,3144,0.277249,0,0,0,0,0.675132,0,0,
45051136,1949,0.263158,0,0,0,0,0.690789,0,0,
45051142,2217,0.238487,0,0,0,0,0.717105,0,0,
45051143,989,0.344156,0,0,0,0,0.623377,0,0,
45091018,1057,0.241042,0,0,0,0,0.697068,0,0,
45061010,359,0.618321,0,0,0,0,0.358779,0,0,
45051147,1457,0.338636,0,0,0,0,0.609091,0,0,
45051148,1054,0.102639,0,0,0,0,0.835777,0,0,
45051149,372,0.453988,0,0,0,0,0.527607,0,0,
45051150,688,0.221591,0,0,0,0,0.693182,0,0,
45051155,518,0.0353535,0,0,0,0,0.929293,0,0,
45051156,408,0.219512,0,0,0,0,0.739837,0,0,
45051157,1867,0.190647,0,0,0,0,0.748201,0,0,
45051158,6407,0.299699,0,0,0,0,0.646837,0,0,
45051159,1497,0.576991,0,0,0,0,0.373451,0,0,
45051163,673,0.386719,0,0,0,0,0.570312,0,0,
45051164,1262,0.289183,0,0,0,0,0.675497,0,0,
45059030,886,0.3,0,0,0,0,0.654839,0,0,
45051169,605,0.115207,0,0,0,0,0.857143,0,0,
45051170,1573,0.223278,0,0,0,0,0.719715,0,0,
45051184,3539,0.223865,0,0,0,0,0.726505,0,0,
45051185,627,0.107143,0,0,0,0,0.836735,0,0,
45051186,238,0.219512,0,0,0,0,0.756098,0,0,
45051187,805,0.0922509,0,0,0,0,0.867159,0,0,
45051188,752,0.9225,0,0,0,0,0.0575,0,0,
45051189,1375,0.571038,0,0,0,0,0.374317,0,0,
45051190,1687,0.940039,0,0,0,0,0.032882,0,0,
45051191,1001,0.493036,0,0,0,0,0.448468,0,0,
45051197,3608,0.283056,0,0,0,0,0.669931,0,0,
45051198,1094,0.103627,0,0,0,0,0.834197,0,0,
45051203,351,0.184211,0,0,0,0,0.763158,0,0,
45051208,1025,0.51,0,0,0,0,0.425,0,0,
45051209,333,0.0515464,0,0,0,0,0.927835,0,0,
45051210,1199,0.191943,0,0,0,0,0.755924,0,0,
45051211,1310,0.290094,0,0,0,0,0.643868,0,0,
45051212,1784,0.678521,0,0,0,0,0.280228,0,0,
45051213,789,0.521212,0,0,0,0,0.442424,0,0,
45051216,3022,0.27027,0,0,0,0,0.673325,0,0,
45053102,726,0.57732,0,0,0,0,0.319588,0,0,
45053103,1321,0.461538,0,0,0,0,0.428571,0,0,
45053104,2296,0.658863,0,0,0,0,0.230769,0,0,
45053105,760,0.423729,0,0,0,0,0.525424,0,0,
45053106,1608,0.518033,0,0,0,0,0.370492,0,0,
45053107,985,0.783333,0,0,0,0,0.1875,0,0,
45053108,2002,0.638554,0,0,0,0,0.298795,0,0,
45053110,865,0.82,0,0,0,0,0.06,0,0,
45053111,1238,0.453125,0,0,0,0,0.445312,0,0,
45053112,1207,0.544218,0,0,0,0,0.353741,0,0,
45053113,831,0.610619,0,0,0,0,0.221239,0,0,
45053114,969,0.469388,0,0,0,0,0.377551,0,0,
45055103,1226,0.441103,0,0,0,0,0.501253,0,0,
45055705,935,0.246575,0,0,0,0,0.726027,0,0,
45055107,1545,0.675159,0,0,0,0,0.27707,0,0,
45055111,915,0.263158,0,0,0,0,0.684211,0,0,
45055112,612,0.824818,0,0,0,0,0.175182,0,0,
45055113,456,0.422535,0,0,0,0,0.521127,0,0,
45055115,1530,0.327103,0,0,0,0,0.600467,0,0,
45055119,1904,0.325823,0,0,0,0,0.613518,0,0,
45055122,2098,0.260949,0,0,0,0,0.695255,0,0,
45055123,1593,0.351288,0,0,0,0,0.590164,0,0,
45055124,1346,0.388535,0,0,0,0,0.566879,0,0,
45055125,2000,0.343874,0,0,0,0,0.606719,0,0,
45055126,1371,0.26893,0,0,0,0,0.689295,0,0,
45055130,340,0.116279,0,0,0,0,0.848837,0,0,
45055131,517,0.30303,0,0,0,0,0.674242,0,0,
45055132,1352,0.379562,0,0,0,0,0.551095,0,0,
45055133,1869,0.280193,0,0,0,0,0.65942,0,0,
45055134,1575,0.240541,0,0,0,0,0.697297,0,0,
45055135,1312,0.210191,0,0,0,0,0.735669,0,0,
45055140,1437,0.536,0,0,0,0,0.408,0,0,
45055146,962,0.897338,0,0,0,0,0.0798479,0,0,
45055147,1377,0.253731,0,0,0,0,0.689055,0,0,
45055149,930,0.458128,0,0,0,0,0.472906,0,0,
45091085,1269,0.54519,0,0,0,0,0.387755,0,0,
45055152,1611,0.322251,0,0,0,0,0.618926,0,0,
45055154,1659,0.361364,0,0,0,0,0.611364,0,0,
45057003,833,0.128205,0,0,0,0,0.830769,0,0,
45057004,522,0.538922,0,0,0,0,0.45509,0,0,
45057005,1476,0.810997,0,0,0,0,0.140893,0,0,
45057006,1745,0.507109,0,0,0,0,0.438389,0,0,
45057007,1911,0.170426,0,0,0,0,0.734336,0,0,
45057008,1588,0.405488,0,0,0,0,0.52439,0,0,
45057009,1564,0.584906,0,0,0,0,0.345013,0,0,
45057011,1247,0.404605,0,0,0,0,0.549342,0,0,
45057012,1631,0.39403,0,0,0,0,0.549254,0,0,
45057013,1664,0.369863,0,0,0,0,0.594521,0,0,
45057014,1673,0.474227,0,0,0,0,0.471649,0,0,
45057015,1384,0.23913,0,0,0,0,0.726708,0,0,
45057016,2164,0.732143,0,0,0,0,0.229167,0,0,
45057017,1191,0.634921,0,0,0,0,0.26455,0,0,
45057018,2245,0.436214,0,0,0,0,0.489712,0,0,
45057021,3040,0.351316,0,0,0,0,0.596053,0,0,
45057022,1117,0.155894,0,0,0,0,0.768061,0,0,
45079391,2044,0.130326,0,0,0,0,0.834586,0,0,
45057025,1351,0.285714,0,0,0,0,0.684211,0,0,
45057026,826,0.388,0,0,0,0,0.584,0,0,
45091052,1322,0.388889,0,0,0,0,0.527778,0,0,
45091066,2220,0.269928,0,0,0,0,0.673913,0,0,
45059007,978,0.351759,0,0,0,0,0.537688,0,0,
45059008,1376,0.398374,0,0,0,0,0.520325,0,0,
45059009,1270,0.272727,0,0,0,0,0.602273,0,0,
45059011,1148,0.313305,0,0,0,0,0.587983,0,0,
45059014,1681,0.273902,0,0,0,0,0.651163,0,0,
45059015,1257,0.630081,0,0,0,0,0.256098,0,0,
45059016,652,0.394737,0,0,0,0,0.559211,0,0,
45059018,1449,0.346793,0,0,0,0,0.60095,0,0,
45059019,747,0.361502,0,0,0,0,0.58216,0,0,
45059020,1255,0.446735,0,0,0,0,0.4811,0,0,
45059021,1528,0.207921,0,0,0,0,0.722772,0,0,
45059022,2339,0.312399,0,0,0,0,0.618357,0,0,
45059023,1158,0.142857,0,0,0,0,0.79402,0,0,
45059024,914,0.40553,0,0,0,0,0.525346,0,0,
45059025,1167,0.219917,0,0,0,0,0.692946,0,0,
45059026,1573,0.367542,0,0,0,0,0.579952,0,0,
45059027,1538,0.281421,0,0,0,0,0.655738,0,0,
45059029,599,0.115702,0,0,0,0,0.818182,0,0,
45059031,2204,0.150097,0,0,0,0,0.764133,0,0,
45059032,277,0.161765,0,0,0,0,0.764706,0,0,
45059033,453,0.0819672,0,0,0,0,0.860656,0,0,
45059034,1465,0.638728,0,0,0,0,0.239884,0,0,
45061001,546,0.335443,0,0,0,0,0.620253,0,0,
45061002,633,0.463277,0,0,0,0,0.491525,0,0,
45061009,461,0.937759,0,0,0,0,0.033195,0,0,
45061011,658,0.505102,0,0,0,0,0.479592,0,0,
45061012,731,0.928775,0,0,0,0,0.0598291,0,0,
45061013,719,0.840816,0,0,0,0,0.134694,0,0,
45061014,271,0.939394,0,0,0,0,0.040404,0,0,
45061015,340,0.666667,0,0,0,0,0.306306,0,0,
45061016,494,0.533333,0,0,0,0,0.44,0,0,
45061019,950,0.819444,0,0,0,0,0.15625,0,0,
45085114,1251,0.579787,0,0,0,0,0.369681,0,0,
45061024,245,0.797101,0,0,0,0,0.173913,0,0,
45063001,2020,0.679153,0,0,0,0,0.281759,0,0,
45063002,1208,0.231638,0,0,0,0,0.720339,0,0,
45063004,2069,0.131343,0,0,0,0,0.835821,0,0,
45063006,2239,0.118774,0,0,0,0,0.85249,0,0,
45063008,1877,0.172269,0,0,0,0,0.762605,0,0,
45063009,1645,0.529557,0,0,0,0,0.403941,0,0,
45063010,2018,0.0956522,0,0,0,0,0.876087,0,0,
45063011,1228,0.237537,0,0,0,0,0.71261,0,0,
45063012,2212,0.529703,0,0,0,0,0.437294,0,0,
45063014,2097,0.222846,0,0,0,0,0.709738,0,0,
45063018,3271,0.248563,0,0,0,0,0.70977,0,0,
45063019,3557,0.229036,0,0,0,0,0.725907,0,0,
45071015,1627,0.220974,0,0,0,0,0.745318,0,0,
45063021,2215,0.384615,0,0,0,0,0.563077,0,0,
45063023,722,0.192308,0,0,0,0,0.75,0,0,
45063027,1865,0.289225,0,0,0,0,0.623819,0,0,
45063028,2775,0.24693,0,0,0,0,0.706685,0,0,
45063029,1081,0.453744,0,0,0,0,0.515419,0,0,
45063030,1609,0.257261,0,0,0,0,0.709544,0,0,
45063031,2204,0.417695,0,0,0,0,0.54321,0,0,
45063032,1433,0.291391,0,0,0,0,0.652318,0,0,
45063033,2934,0.251485,0,0,0,0,0.69703,0,0,
45063034,1953,0.375342,0,0,0,0,0.556164,0,0,
45063038,2965,0.815642,0,0,0,0,0.155307,0,0,
45063040,2027,0.439834,0,0,0,0,0.504149,0,0,
45063041,1925,0.525745,0,0,0,0,0.392954,0,0,
45063048,2125,0.509091,0,0,0,0,0.429545,0,0,
45063049,1694,0.576471,0,0,0,0,0.371765,0,0,
45063050,2343,0.438753,0,0,0,0,0.518931,0,0,
45063051,1687,0.566929,0,0,0,0,0.409449,0,0,
45063052,1592,0.655,0,0,0,0,0.2875,0,0,
45063054,2180,0.413551,0,0,0,0,0.560748,0,0,
45063057,2005,0.367442,0,0,0,0,0.593023,0,0,
45063058,2040,0.618143,0,0,0,0,0.333333,0,0,
45063060,2143,0.321256,0,0,0,0,0.628019,0,0,
45063061,3078,0.112927,0,0,0,0,0.867756,0,0,
45071011,315,0.510638,0,0,0,0,0.425532,0,0,
45063063,1869,0.10158,0,0,0,0,0.862302,0,0,
45063064,2866,0.196911,0,0,0,0,0.747104,0,0,
45063065,2228,0.248162,0,0,0,0,0.674632,0,0,
45063066,1397,0.280769,0,0,0,0,0.673077,0,0,
45063067,1837,0.360169,0,0,0,0,0.574153,0,0,
45063068,2559,0.118143,0,0,0,0,0.85865,0,0,
45063069,1217,0.141104,0,0,0,0,0.806748,0,0,
45063074,726,0.299363,0,0,0,0,0.624204,0,0,
45063084,1489,0.0866337,0,0,0,0,0.898515,0,0,
45063085,2762,0.156773,0,0,0,0,0.794521,0,0,
45063086,2188,0.344262,0,0,0,0,0.620609,0,0,
45063087,1694,0.342926,0,0,0,0,0.609113,0,0,
45091029,2139,0.359296,0,0,0,0,0.562814,0,0,
45067001,1523,0.775468,0,0,0,0,0.195426,0,0,
45067003,1465,0.788546,0,0,0,0,0.165198,0,0,
45067004,843,0.846743,0,0,0,0,0.0996169,0,0,
45067005,1554,0.834862,0,0,0,0,0.107034,0,0,
45067006,1502,0.644269,0,0,0,0,0.29249,0,0,
45067007,1504,0.683511,0,0,0,0,0.242021,0,0,
45067008,3216,0.896424,0,0,0,0,0.080148,0,0,
45067009,1253,0.597786,0,0,0,0,0.372694,0,0,
45067010,286,0.846154,0,0,0,0,0.131868,0,0,
45067011,1086,0.7875,0,0,0,0,0.178125,0,0,
45077132,1188,0.166667,0,0,0,0,0.809028,0,0,
45067017,835,0.547739,0,0,0,0,0.371859,0,0,
45069001,426,0.505051,0,0,0,0,0.474747,0,0,
45069002,336,0.525641,0,0,0,0,0.371795,0,0,
45069003,769,0.576531,0,0,0,0,0.382653,0,0,
45069004,352,0.361702,0,0,0,0,0.617021,0,0,
45069005,1353,0.607843,0,0,0,0,0.357843,0,0,
45069006,407,0.589474,0,0,0,0,0.336842,0,0,
45069007,1353,0.526027,0,0,0,0,0.40274,0,0,
45069008,1034,0.666667,0,0,0,0,0.270531,0,0,
45069009,1668,0.785714,0,0,0,0,0.17734,0,0,
45069010,1520,0.541322,0,0,0,0,0.380165,0,0,
45069011,1030,0.333333,0,0,0,0,0.611111,0,0,
45065001,265,0.902913,0,0,0,0,0.0873786,0,0,
45065003,1791,0.115044,0,0,0,0,0.827434,0,0,
45065004,229,0.705882,0,0,0,0,0.294118,0,0,
45065006,1311,0.701961,0,0,0,0,0.239216,0,0,
45091001,2074,0.121784,0,0,0,0,0.819897,0,0,
45065009,1103,0.793427,0,0,0,0,0.178404,0,0,
45065010,864,0.636364,0,0,0,0,0.324675,0,0,
45065013,197,0.107143,0,0,0,0,0.821429,0,0,
45065014,283,0.0540541,0,0,0,0,0.918919,0,0,
45071013,675,0.351351,0,0,0,0,0.594595,0,0,
45071017,1146,0.646288,0,0,0,0,0.283843,0,0,
45071018,884,0.931818,0,0,0,0,0.038961,0,0,
45071020,564,0.565217,0,0,0,0,0.347826,0,0,
45071023,1043,0.425926,0,0,0,0,0.527778,0,0,
45071025,83,0.931034,0,0,0,0,0.0689655,0,0,
45071030,1398,0.210526,0,0,0,0,0.732794,0,0,
45071034,127,0.368421,0,0,0,0,0.631579,0,0,
45071036,1888,0.654696,0,0,0,0,0.298343,0,0,
45071039,767,0.570423,0,0,0,0,0.359155,0,0,
45071040,728,0.190083,0,0,0,0,0.768595,0,0,
45071048,450,0.191176,0,0,0,0,0.705882,0,0,
45071049,835,0.431034,0,0,0,0,0.517241,0,0,
45071050,764,0.494792,0,0,0,0,0.432292,0,0,
45073002,824,0.147826,0,0,0,0,0.817391,0,0,
45073003,2505,0.299807,0,0,0,0,0.678917,0,0,
45073004,947,0.121951,0,0,0,0,0.850174,0,0,
45077118,1434,0.140762,0,0,0,0,0.812317,0,0,
45073010,605,0.0698925,0,0,0,0,0.908602,0,0,
45073031,1791,0.165354,0,0,0,0,0.795276,0,0,
45073012,1315,0.152542,0,0,0,0,0.793785,0,0,
45073014,693,0.117949,0,0,0,0,0.851282,0,0,
45081015,570,0.297297,0,0,0,0,0.655405,0,0,
45073017,2741,0.15262,0,0,0,0,0.826879,0,0,
45073020,1557,0.12529,0,0,0,0,0.802784,0,0,
45073023,732,0.435233,0,0,0,0,0.481865,0,0,
45073028,1825,0.161125,0,0,0,0,0.790281,0,0,
45075111,741,0.966667,0,0,0,0,0.0125,0,0,
45075112,725,0.982533,0,0,0,0,0.00873362,0,0,
45075113,1404,0.922917,0,0,0,0,0.0625,0,0,
45075114,540,0.757576,0,0,0,0,0.218182,0,0,
45075115,1189,0.855234,0,0,0,0,0.124722,0,0,
45075116,860,0.659306,0,0,0,0,0.302839,0,0,
45075117,1410,0.538941,0,0,0,0,0.442368,0,0,
45075118,868,0.623377,0,0,0,0,0.333333,0,0,
45075119,1475,0.85084,0,0,0,0,0.132353,0,0,
45075121,1418,0.796905,0,0,0,0,0.187621,0,0,
45075122,792,0.638037,0,0,0,0,0.315951,0,0,
45075123,1016,0.548673,0,0,0,0,0.427729,0,0,
45075124,458,0.459459,0,0,0,0,0.5,0,0,
45075125,1364,0.968059,0,0,0,0,0.022113,0,0,
45075126,629,0.512,0,0,0,0,0.456,0,0,
45075127,1433,0.549266,0,0,0,0,0.427673,0,0,
45075154,887,0.557576,0,0,0,0,0.4,0,0,
45075130,1505,0.496154,0,0,0,0,0.476923,0,0,
45075131,1786,0.830313,0,0,0,0,0.149918,0,0,
45075132,557,0.392157,0,0,0,0,0.588235,0,0,
45075133,1834,0.884722,0,0,0,0,0.106944,0,0,
45075134,1858,0.621875,0,0,0,0,0.351562,0,0,
45075135,1868,0.784926,0,0,0,0,0.196691,0,0,
45075136,2531,0.785714,0,0,0,0,0.196793,0,0,
45075137,1012,0.459215,0,0,0,0,0.504532,0,0,
45075138,1219,0.978805,0,0,0,0,0.00770713,0,0,
45075139,1189,0.550691,0,0,0,0,0.419355,0,0,
45075140,1226,0.650575,0,0,0,0,0.324138,0,0,
45075141,1320,0.734226,0,0,0,0,0.24283,0,0,
45075151,1060,0.665789,0,0,0,0,0.297368,0,0,
45075143,1087,0.804622,0,0,0,0,0.178571,0,0,
45075144,563,0.669421,0,0,0,0,0.31405,0,0,
45075145,1422,0.414188,0,0,0,0,0.567506,0,0,
45091088,2211,0.192015,0,0,0,0,0.771863,0,0,
45075148,1481,0.811538,0,0,0,0,0.173077,0,0,
45075149,1153,0.924623,0,0,0,0,0.0628141,0,0,
45075142,1226,0.537736,0,0,0,0,0.436321,0,0,
45075152,1464,0.676923,0,0,0,0,0.301923,0,0,
45075129,726,0.842809,0,0,0,0,0.150502,0,0,
45075150,1183,0.70948,0,0,0,0,0.275229,0,0,
45075146,1223,0.97075,0,0,0,0,0.0146252,0,0,
45077101,1191,0.461224,0,0,0,0,0.502041,0,0,
45077103,1307,0.345794,0,0,0,0,0.574766,0,0,
45077104,1031,0.651982,0,0,0,0,0.286344,0,0,
45077105,1329,0.449275,0,0,0,0,0.458937,0,0,
45077110,1030,0.349138,0,0,0,0,0.568966,0,0,
45077111,1200,0.165468,0,0,0,0,0.78777,0,0,
45077112,1154,0.143266,0,0,0,0,0.842407,0,0,
45091084,1195,0.158055,0,0,0,0,0.781155,0,0,
45077117,1282,0.072,0,0,0,0,0.852,0,0,
45077119,1494,0.169713,0,0,0,0,0.788512,0,0,
45077120,1421,0.0846995,0,0,0,0,0.852459,0,0,
45077125,1265,0.0863309,0,0,0,0,0.852518,0,0,
45077126,1232,0.0851648,0,0,0,0,0.906593,0,0,
45077127,1155,0.0867925,0,0,0,0,0.856604,0,0,
45077128,1261,0.0835821,0,0,0,0,0.883582,0,0,
45077133,934,0.157706,0,0,0,0,0.774194,0,0,
45077134,1089,0.142857,0,0,0,0,0.787645,0,0,
45077137,1499,0.312668,0,0,0,0,0.633423,0,0,
45077139,1138,0.17301,0,0,0,0,0.782007,0,0,
45077140,1304,0.203947,0,0,0,0,0.753289,0,0,
45077141,1002,0.246914,0,0,0,0,0.703704,0,0,
45077144,1213,0.185535,0,0,0,0,0.789308,0,0,
45085125,1612,0.850356,0,0,0,0,0.130641,0,0,
45077147,1076,0.169811,0,0,0,0,0.814465,0,0,
45077148,1324,0.253086,0,0,0,0,0.712963,0,0,
45077150,1253,0.0737463,0,0,0,0,0.882006,0,0,
45079101,1998,0.555556,0,0,0,0,0.391304,0,0,
45079102,1148,0.842932,0,0,0,0,0.136126,0,0,
45079103,1670,0.702786,0,0,0,0,0.250774,0,0,
45079104,1619,0.664093,0,0,0,0,0.258687,0,0,
45079105,1502,0.517094,0,0,0,0,0.410256,0,0,
45079106,1450,0.621818,0,0,0,0,0.330909,0,0,
45079107,1405,0.966752,0,0,0,0,0.00511509,0,0,
45079108,3494,0.97076,0,0,0,0,0.0146199,0,0,
45079109,1493,0.955782,0,0,0,0,0.0170068,0,0,
45079110,1622,0.502564,0,0,0,0,0.430769,0,0,
45079111,1575,0.686131,0,0,0,0,0.240876,0,0,
45079112,1685,0.569948,0,0,0,0,0.373057,0,0,
45079113,2155,0.576792,0,0,0,0,0.365188,0,0,
45079114,1645,0.514286,0,0,0,0,0.419048,0,0,
45079115,1092,0.434783,0,0,0,0,0.543478,0,0,
45079116,1359,0.265823,0,0,0,0,0.71519,0,0,
45079117,1668,0.407407,0,0,0,0,0.532407,0,0,
45079118,1578,0.892683,0,0,0,0,0.0707317,0,0,
45079119,1609,0.975104,0,0,0,0,0.00829876,0,0,
45079120,2050,0.814059,0,0,0,0,0.145125,0,0,
45079121,1907,0.95922,0,0,0,0,0.0124113,0,0,
45079122,1809,0.935252,0,0,0,0,0.0269784,0,0,
45079123,1118,0.548571,0,0,0,0,0.405714,0,0,
45079124,973,0.303448,0,0,0,0,0.648276,0,0,
45079125,1652,0.252066,0,0,0,0,0.694215,0,0,
45079129,1598,0.93578,0,0,0,0,0.0344037,0,0,
45079130,1200,0.624309,0,0,0,0,0.309392,0,0,
45079131,1258,0.954693,0,0,0,0,0.0161812,0,0,
45079132,1076,0.963816,0,0,0,0,0.00986842,0,0,
45079133,1236,0.783465,0,0,0,0,0.15748,0,0,
45079134,1302,0.629268,0,0,0,0,0.35122,0,0,
45079301,1686,0.571918,0,0,0,0,0.376712,0,0,
45079302,445,0.970238,0,0,0,0,0.0178571,0,0,
45079304,1217,0.910781,0,0,0,0,0.0594796,0,0,
45079305,2251,0.973723,0,0,0,0,0.0145985,0,0,
45079310,2046,0.754797,0,0,0,0,0.219616,0,0,
45079311,1815,0.949275,0,0,0,0,0.0199275,0,0,
45079312,1263,0.3,0,0,0,0,0.641176,0,0,
45079313,1439,0.636364,0,0,0,0,0.3,0,0,
45079314,2537,0.935275,0,0,0,0,0.0501618,0,0,
45079316,1470,0.909836,0,0,0,0,0.057377,0,0,
45091044,2468,0.873547,0,0,0,0,0.0930233,0,0,
45079318,2326,0.624754,0,0,0,0,0.345776,0,0,
45079319,3130,0.825106,0,0,0,0,0.126939,0,0,
45079320,969,0.967857,0,0,0,0,0.0142857,0,0,
45079326,1461,0.593846,0,0,0,0,0.363077,0,0,
45079327,1583,0.948827,0,0,0,0,0.0362473,0,0,
45079328,1013,0.691176,0,0,0,0,0.261029,0,0,
45079329,1883,0.973776,0,0,0,0,0,0,0,
45079330,2231,0.634615,0,0,0,0,0.317308,0,0,
45079331,1950,0.636126,0,0,0,0,0.28534,0,0,
45079334,2492,0.568259,0,0,0,0,0.37884,0,0,
45079335,518,0.446429,0,0,0,0,0.508929,0,0,
45079337,1950,0.745547,0,0,0,0,0.216285,0,0,
45079338,1940,0.653527,0,0,0,0,0.290456,0,0,
45079339,3144,0.891148,0,0,0,0,0.0813397,0,0,
45079383,3014,0.482815,0,0,0,0,0.472995,0,0,
45079341,4351,0.410691,0,0,0,0,0.54498,0,0,
45079342,2027,0.718954,0,0,0,0,0.259259,0,0,
45079344,1884,0.445483,0,0,0,0,0.529595,0,0,
45079345,2415,0.959627,0,0,0,0,0.015528,0,0,
45079343,940,0.647887,0,0,0,0,0.314554,0,0,
45091074,1148,0.250825,0,0,0,0,0.706271,0,0,
45079352,2634,0.668639,0,0,0,0,0.252465,0,0,
45079387,1883,0.890595,0,0,0,0,0.0767754,0,0,
45085145,1850,0.569444,0,0,0,0,0.397569,0,0,
45079357,2714,0.737143,0,0,0,0,0.222857,0,0,
45079360,774,0.953307,0,0,0,0,0.0116732,0,0,
45079389,758,0.732456,0,0,0,0,0.232456,0,0,
45079369,1394,0.773224,0,0,0,0,0.18306,0,0,
45079390,2620,0.810241,0,0,0,0,0.14759,0,0,
45079364,1464,0.317391,0,0,0,0,0.669565,0,0,
45079366,1781,0.705521,0,0,0,0,0.245399,0,0,
45079367,2866,0.569647,0,0,0,0,0.386694,0,0,
45079392,3042,0.777299,0,0,0,0,0.162356,0,0,
45079370,1123,0.327957,0,0,0,0,0.612903,0,0,
45079371,2596,0.553571,0,0,0,0,0.39881,0,0,
45079372,3038,0.83947,0,0,0,0,0.111929,0,0,
45079373,1299,0.875,0,0,0,0,0.0675676,0,0,
45079374,2187,0.822785,0,0,0,0,0.128692,0,0,
45079375,2224,0.869888,0,0,0,0,0.0780669,0,0,
45079376,3109,0.477855,0,0,0,0,0.487179,0,0,
45079377,2991,0.732955,0,0,0,0,0.21875,0,0,
45079378,2305,0.228571,0,0,0,0,0.725,0,0,
45081001,481,0.392157,0,0,0,0,0.54902,0,0,
45081002,241,0.152174,0,0,0,0,0.73913,0,0,
45081003,402,0.103093,0,0,0,0,0.814433,0,0,
45081005,718,0.826772,0,0,0,0,0.133858,0,0,
45081007,925,0.0938776,0,0,0,0,0.861224,0,0,
45081008,1209,0.175676,0,0,0,0,0.747748,0,0,
45081009,889,0.498233,0,0,0,0,0.452297,0,0,
45081010,392,0.369369,0,0,0,0,0.567568,0,0,
45081012,236,0.313725,0,0,0,0,0.647059,0,0,
45081013,208,0.692308,0,0,0,0,0.307692,0,0,
45081017,1246,0.873096,0,0,0,0,0.0939086,0,0,
45081018,1138,0.610442,0,0,0,0,0.325301,0,0,
45081019,506,0.0649351,0,0,0,0,0.779221,0,0,
45083003,1001,0.524017,0,0,0,0,0.384279,0,0,
45083004,3114,0.233173,0,0,0,0,0.730769,0,0,
45083006,3690,0.180527,0,0,0,0,0.768763,0,0,
45083008,3685,0.298789,0,0,0,0,0.637954,0,0,
45083010,2975,0.247423,0,0,0,0,0.715758,0,0,
45083011,3815,0.116092,0,0,0,0,0.848276,0,0,
45083013,2365,0.153716,0,0,0,0,0.804054,0,0,
45083014,3509,0.467378,0,0,0,0,0.456702,0,0,
45083016,1112,0.339483,0,0,0,0,0.601476,0,0,
45083017,894,0.159696,0,0,0,0,0.809886,0,0,
45083018,2180,0.501838,0,0,0,0,0.470588,0,0,
45083019,1587,0.227749,0,0,0,0,0.701571,0,0,
45083022,843,0.254335,0,0,0,0,0.693642,0,0,
45083024,1144,0.325879,0,0,0,0,0.638978,0,0,
45083026,1665,0.197154,0,0,0,0,0.752033,0,0,
45083027,1113,0.157609,0,0,0,0,0.790761,0,0,
45083028,752,0.242915,0,0,0,0,0.724696,0,0,
45083030,1255,0.157005,0,0,0,0,0.801932,0,0,
45083033,1261,0.865546,0,0,0,0,0.109244,0,0,
45083034,1263,0.21393,0,0,0,0,0.733831,0,0,
45083035,2640,0.385841,0,0,0,0,0.568142,0,0,
45083036,2987,0.455041,0,0,0,0,0.510899,0,0,
45083038,1388,0.11811,0,0,0,0,0.853018,0,0,
45083040,1374,0.0773196,0,0,0,0,0.89433,0,0,
45083041,1450,0.612137,0,0,0,0,0.311346,0,0,
45083044,2703,0.0938776,0,0,0,0,0.847619,0,0,
45083045,2734,0.363487,0,0,0,0,0.601974,0,0,
45083050,2841,0.209743,0,0,0,0,0.7659,0,0,
45083051,3206,0.236934,0,0,0,0,0.728223,0,0,
45083053,1711,0.123188,0,0,0,0,0.81401,0,0,
45083054,984,0.107744,0,0,0,0,0.858586,0,0,
45083056,1558,0.12963,0,0,0,0,0.847222,0,0,
45083057,2949,0.152717,0,0,0,0,0.801762,0,0,
45083061,1578,0.26383,0,0,0,0,0.702128,0,0,
45083062,2444,0.227106,0,0,0,0,0.736264,0,0,
45083064,2803,0.185961,0,0,0,0,0.788177,0,0,
45083065,2788,0.53775,0,0,0,0,0.414484,0,0,
45083068,1386,0.849604,0,0,0,0,0.0976253,0,0,
45083073,1643,0.325301,0,0,0,0,0.626506,0,0,
45083075,1190,0.820789,0,0,0,0,0.121864,0,0,
45083076,2315,0.415094,0,0,0,0,0.551887,0,0,
45083078,1470,0.668435,0,0,0,0,0.310345,0,0,
45083082,1996,0.639004,0,0,0,0,0.317427,0,0,
45083084,652,0.493827,0,0,0,0,0.45679,0,0,
45083086,1540,0.871981,0,0,0,0,0.0845411,0,0,
45083088,806,0.953488,0,0,0,0,0.0166113,0,0,
45083090,960,0.515901,0,0,0,0,0.424028,0,0,
45083095,1727,0.394841,0,0,0,0,0.547619,0,0,
45083096,2515,0.0713224,0,0,0,0,0.879643,0,0,
45083097,2530,0.450877,0,0,0,0,0.498246,0,0,
45083098,4197,0.327381,0,0,0,0,0.625,0,0,
45083099,1191,0.573446,0,0,0,0,0.398305,0,0,
45083100,1562,0.336364,0,0,0,0,0.60303,0,0,
45083101,1473,0.678756,0,0,0,0,0.251295,0,0,
45083105,1447,0.339339,0,0,0,0,0.63964,0,0,
45083107,1975,0.789575,0,0,0,0,0.166023,0,0,
45083108,884,0.442804,0,0,0,0,0.516605,0,0,
45083109,1330,0.537313,0,0,0,0,0.40597,0,0,
45083111,2119,0.167756,0,0,0,0,0.771242,0,0,
45083112,3224,0.337727,0,0,0,0,0.614498,0,0,
45083114,1125,0.383152,0,0,0,0,0.584239,0,0,
45083115,1798,0.327273,0,0,0,0,0.603636,0,0,
45083117,2541,0.203414,0,0,0,0,0.752489,0,0,
45083118,2737,0.253197,0,0,0,0,0.710997,0,0,
45083119,1426,0.506369,0,0,0,0,0.468153,0,0,
45083120,1567,0.590062,0,0,0,0,0.360248,0,0,
45083121,4099,0.397294,0,0,0,0,0.551046,0,0,
45083122,1280,0.219608,0,0,0,0,0.717647,0,0,
45083123,3251,0.307353,0,0,0,0,0.636765,0,0,
45083125,1720,0.401163,0,0,0,0,0.543605,0,0,
45083126,1186,0.166667,0,0,0,0,0.790698,0,0,
45083127,1289,0.270073,0,0,0,0,0.686131,0,0,
45083080,1494,0.876611,0,0,0,0,0.0957643,0,0,
45085101,2013,0.892697,0,0,0,0,0.0938897,0,0,
45085102,550,0.895604,0,0,0,0,0.0879121,0,0,
45085107,1274,0.472414,0,0,0,0,0.489655,0,0,
45085108,647,0.906977,0,0,0,0,0.0813953,0,0,
45085113,1373,0.492147,0,0,0,0,0.471204,0,0,
45085116,995,0.534188,0,0,0,0,0.423077,0,0,
45085117,1801,0.873333,0,0,0,0,0.0844444,0,0,
45085119,1511,0.586614,0,0,0,0,0.358268,0,0,
45085121,1691,0.217021,0,0,0,0,0.72766,0,0,
45085122,1246,0.486631,0,0,0,0,0.481283,0,0,
45085123,1621,0.957655,0,0,0,0,0.019544,0,0,
45085124,842,0.435115,0,0,0,0,0.51145,0,0,
45085126,1194,0.881041,0,0,0,0,0.0929368,0,0,
45085127,1437,0.856471,0,0,0,0,0.105882,0,0,
45085128,975,0.880208,0,0,0,0,0.09375,0,0,
45085129,750,0.992832,0,0,0,0,0.00716846,0,0,
45085130,999,0.942249,0,0,0,0,0.0364742,0,0,
45085131,1033,0.92,0,0,0,0,0.0646154,0,0,
45085133,669,0.966825,0,0,0,0,0.00947867,0,0,
45085134,759,0.972332,0,0,0,0,0.0158103,0,0,
45085135,1219,0.931343,0,0,0,0,0.0208955,0,0,
45085136,717,0.840278,0,0,0,0,0.125,0,0,
45085137,754,0.560976,0,0,0,0,0.347561,0,0,
45085141,1489,0.555932,0,0,0,0,0.416949,0,0,
45085142,1567,0.848485,0,0,0,0,0.11655,0,0,
45085143,838,0.684426,0,0,0,0,0.290984,0,0,
45085144,1543,0.560748,0,0,0,0,0.404206,0,0,
45085147,1842,0.288265,0,0,0,0,0.645408,0,0,
45085149,1861,0.181818,0,0,0,0,0.781818,0,0,
45085151,1130,0.785425,0,0,0,0,0.190283,0,0,
45085152,1855,0.648276,0,0,0,0,0.282759,0,0,
45085153,675,0.257576,0,0,0,0,0.590909,0,0,
45087001,668,0.278481,0,0,0,0,0.658228,0,0,
45087002,403,0.688889,0,0,0,0,0.274074,0,0,
45087003,891,0.585714,0,0,0,0,0.342857,0,0,
45087004,879,0.269841,0,0,0,0,0.547619,0,0,
45087005,544,0.952632,0,0,0,0,0.0210526,0,0,
45087006,807,0.522222,0,0,0,0,0.416667,0,0,
45087007,368,0.879121,0,0,0,0,0.0769231,0,0,
45087008,1420,0.694779,0,0,0,0,0.281124,0,0,
45087009,1003,0.383929,0,0,0,0,0.544643,0,0,
45087010,1146,0.52,0,0,0,0,0.414545,0,0,
45087011,919,0.534562,0,0,0,0,0.359447,0,0,
45087012,628,0.321429,0,0,0,0,0.542857,0,0,
45087013,1175,0.334951,0,0,0,0,0.519417,0,0,
45087014,380,0.491803,0,0,0,0,0.42623,0,0,
45087016,721,0.770992,0,0,0,0,0.160305,0,0,
45087017,648,0.707317,0,0,0,0,0.243902,0,0,
45087018,1102,0.793774,0,0,0,0,0.159533,0,0,
45087019,1060,0.895455,0,0,0,0,0.0818182,0,0,
45087020,713,0.841463,0,0,0,0,0.097561,0,0,
45087021,850,0.546296,0,0,0,0,0.314815,0,0,
45087022,420,0.849462,0,0,0,0,0.0967742,0,0,
45087023,305,0.516667,0,0,0,0,0.416667,0,0,
45089002,786,0.686016,0,0,0,0,0.269129,0,0,
45089003,564,0.673575,0,0,0,0,0.316062,0,0,
45089004,348,0.5625,0,0,0,0,0.425,0,0,
45089006,565,0.287805,0,0,0,0,0.678049,0,0,
45089008,1390,0.834951,0,0,0,0,0.139806,0,0,
45089010,460,0.157609,0,0,0,0,0.809783,0,0,
45089011,1621,0.728846,0,0,0,0,0.25,0,0,
45089013,1444,0.886406,0,0,0,0,0.100559,0,0,
45089018,881,0.943445,0,0,0,0,0.0488432,0,0,
45089021,240,0.966942,0,0,0,0,0.0247934,0,0,
45089022,414,0.634615,0,0,0,0,0.307692,0,0,
45089024,581,0.876494,0,0,0,0,0.0677291,0,0,
45089026,219,0.56962,0,0,0,0,0.417722,0,0,
45089027,339,0.0306748,0,0,0,0,0.944785,0,0,
45089029,1079,0.887531,0,0,0,0,0.0929095,0,0,
45089030,352,0.293578,0,0,0,0,0.678899,0,0,
45089031,269,0.87619,0,0,0,0,0.0952381,0,0,
45089032,229,0.372549,0,0,0,0,0.607843,0,0,
45089033,893,0.909657,0,0,0,0,0.05919,0,0,
45089035,757,0.395018,0,0,0,0,0.558719,0,0,
45091004,2301,0.195767,0,0,0,0,0.75485,0,0,
45091006,407,0.221239,0,0,0,0,0.725664,0,0,
45091007,1581,0.296407,0,0,0,0,0.613772,0,0,
45091008,2700,0.24435,0,0,0,0,0.733051,0,0,
45091011,1860,0.166213,0,0,0,0,0.790191,0,0,
45091012,1832,0.191268,0,0,0,0,0.752599,0,0,
45091014,1765,0.181818,0,0,0,0,0.763158,0,0,
45091015,2935,0.286119,0,0,0,0,0.655807,0,0,
45091016,2252,0.295547,0,0,0,0,0.643725,0,0,
45091017,2245,0.458733,0,0,0,0,0.483685,0,0,
45091019,1385,0.602857,0,0,0,0,0.348571,0,0,
45091020,2176,0.318681,0,0,0,0,0.64652,0,0,
45091047,929,0.226923,0,0,0,0,0.738462,0,0,
45091022,1499,0.310945,0,0,0,0,0.651741,0,0,
45091023,2996,0.481429,0,0,0,0,0.488571,0,0,
45091024,1776,0.29976,0,0,0,0,0.654676,0,0,
45091025,1664,0.25,0,0,0,0,0.718137,0,0,
45091026,1528,0.552553,0,0,0,0,0.345345,0,0,
45091028,2120,0.504013,0,0,0,0,0.449438,0,0,
45091031,1903,0.947489,0,0,0,0,0.0228311,0,0,
45091032,2300,0.921569,0,0,0,0,0.0482655,0,0,
45091033,2383,0.585253,0,0,0,0,0.359447,0,0,
45091034,1774,0.5,0,0,0,0,0.445205,0,0,
45091035,1557,0.829327,0,0,0,0,0.141827,0,0,
45091036,2751,0.566243,0,0,0,0,0.3902,0,0,
45091037,1129,0.889937,0,0,0,0,0.0691824,0,0,
45091038,1385,0.334165,0,0,0,0,0.586035,0,0,
45091039,687,0.0862944,0,0,0,0,0.847716,0,0,
45091040,2231,0.179266,0,0,0,0,0.775378,0,0,
45091041,2099,0.605791,0,0,0,0,0.360802,0,0,
45091042,3046,0.467509,0,0,0,0,0.483755,0,0,
45091043,1577,0.327957,0,0,0,0,0.620968,0,0,
45091045,1230,0.268293,0,0,0,0,0.682927,0,0,
45091046,1658,0.528868,0,0,0,0,0.43649,0,0,
45091021,1453,0.158774,0,0,0,0,0.807799,0,0,
45091048,3537,0.520261,0,0,0,0,0.411765,0,0,
45091050,2416,0.292157,0,0,0,0,0.668627,0,0,
45091051,3168,0.394097,0,0,0,0,0.564236,0,0,
45091053,2382,0.326889,0,0,0,0,0.620387,0,0,
45091054,1823,0.233333,0,0,0,0,0.697436,0,0,
45091056,4418,0.544676,0,0,0,0,0.389229,0,0,
45091057,2433,0.281139,0,0,0,0,0.674377,0,0,
45091058,2897,0.232353,0,0,0,0,0.733824,0,0,
45091059,2182,0.221374,0,0,0,0,0.725191,0,0,
45091060,1541,0.304225,0,0,0,0,0.639437,0,0,
45091061,1919,0.250633,0,0,0,0,0.698734,0,0,
45091062,1521,0.240741,0,0,0,0,0.71164,0,0,
45091063,1380,0.196141,0,0,0,0,0.77492,0,0,
45091064,2707,0.344992,0,0,0,0,0.615262,0,0,
45091065,1984,0.264957,0,0,0,0,0.707265,0,0,
45091067,2202,0.373358,0,0,0,0,0.562852,0,0,
45091069,1516,0.302857,0,0,0,0,0.64,0,0,
45091070,893,0.336585,0,0,0,0,0.609756,0,0,
45091071,1195,0.336806,0,0,0,0,0.611111,0,0,
45091072,1723,0.469816,0,0,0,0,0.485564,0,0,
45091073,1708,0.357724,0,0,0,0,0.620596,0,0,
45091077,1924,0.854043,0,0,0,0,0.106509,0,0,
45091079,984,0.171004,0,0,0,0,0.724907,0,0,
45091078,2038,0.462921,0,0,0,0,0.498876,0,0,
45091082,1438,0.425676,0,0,0,0,0.516892,0,0,
45091087,2441,0.363184,0,0,0,0,0.588723,0,0,
45091083,988,0.269663,0,0,0,0,0.692884,0,0,
45091075,1969,0.245478,0,0,0,0,0.718346,0,0,
45091089,1466,0.390863,0,0,0,0,0.568528,0,0,
45091076,1452,0.243151,0,0,0,0,0.715753,0,0,
45003001,1328,0.204651,0,0,0,0,0.744186,0,0,
45003002,1375,0.826558,0,0,0,0,0.135501,0,0,
45003003,1845,0.856874,0,0,0,0,0.103578,0,0,
45003004,899,0.883408,0,0,0,0,0.0852018,0,0,
45003047,1237,0.401747,0,0,0,0,0.576419,0,0,
45003005,1368,0.593284,0,0,0,0,0.384328,0,0,
45003006,1382,0.246914,0,0,0,0,0.703704,0,0,
45005001,1227,0.789474,0,0,0,0,0.177033,0,0,
45005002,1384,0.969565,0,0,0,0,0,0,0,
45091055,2805,0.225108,0,0,0,0,0.730159,0,0,
45003069,1730,0.164345,0,0,0,0,0.805014,0,0,
45003063,1051,0.344828,0,0,0,0,0.610345,0,0,
45007029,1211,0.255034,0,0,0,0,0.721477,0,0,
45029001,484,0.336538,0,0,0,0,0.625,0,0,
45079303,1478,0.330827,0,0,0,0,0.605263,0,0,
45013142,1835,0.183673,0,0,0,0,0.763848,0,0,
45007010,336,0.125,0,0,0,0,0.854167,0,0,
45059010,936,0.384615,0,0,0,0,0.538462,0,0,
45011001,703,0.601064,0,0,0,0,0.340426,0,0,
45011002,1485,0.45641,0,0,0,0,0.5,0,0,
45011003,1653,0.503597,0,0,0,0,0.441247,0,0,
45011004,1408,0.726257,0,0,0,0,0.243017,0,0,
45063056,1478,0.252525,0,0,0,0,0.717172,0,0,
45015009,2478,0.175182,0,0,0,0,0.775547,0,0,
45051105,1451,0.364198,0,0,0,0,0.578189,0,0,
45003044,1491,0.348684,0,0,0,0,0.611842,0,0,
45003062,1398,0.587013,0,0,0,0,0.371429,0,0,
45003074,791,0.301887,0,0,0,0,0.622642,0,0,
45003009,2080,0.495292,0,0,0,0,0.448211,0,0,
45071010,583,0.453608,0,0,0,0,0.463918,0,0,
45015006,1329,0.509569,0,0,0,0,0.413876,0,0,
45061003,738,0.913876,0,0,0,0,0.076555,0,0,
45061004,776,0.907692,0,0,0,0,0.0576923,0,0,
45061005,839,0.731343,0,0,0,0,0.21393,0,0,
45061006,1149,0.880466,0,0,0,0,0.090379,0,0,
45011005,980,0.781609,0,0,0,0,0.186782,0,0,
45011006,593,0.775701,0,0,0,0,0.186916,0,0,
45013308,1083,0.168421,0,0,0,0,0.794737,0,0,
45013313,1374,0.211155,0,0,0,0,0.772908,0,0,
45079306,1573,0.275449,0,0,0,0,0.673653,0,0,
45079307,2157,0.499058,0,0,0,0,0.467043,0,0,
45079379,2115,0.518447,0,0,0,0,0.440777,0,0,
45083124,1072,0.171569,0,0,0,0,0.79902,0,0,
45079308,2062,0.761616,0,0,0,0,0.189899,0,0,
45021003,2324,0.784519,0,0,0,0,0.17364,0,0,
45051106,2934,0.27037,0,0,0,0,0.68642,0,0,
45085120,970,0.466321,0,0,0,0,0.507772,0,0,
45051108,2282,0.219472,0,0,0,0,0.739274,0,0,
45051109,3145,0.221174,0,0,0,0,0.746331,0,0,
45051291,3083,0.215517,0,0,0,0,0.740302,0,0,
45083070,1382,0.959402,0,0,0,0,0.025641,0,0,
45055108,413,0.5,0,0,0,0,0.458333,0,0,
45083015,1039,0.356902,0,0,0,0,0.575758,0,0,
45029005,552,0.477124,0,0,0,0,0.444444,0,0,
45051110,3163,0.260024,0,0,0,0,0.687728,0,0,
45051111,2288,0.276316,0,0,0,0,0.656015,0,0,
45021022,193,0.27451,0,0,0,0,0.647059,0,0,
45085138,1430,0.391129,0,0,0,0,0.540323,0,0,
45085158,855,0.4375,0,0,0,0,0.5,0,0,
45063035,1552,0.538793,0,0,0,0,0.392241,0,0,
45063036,1807,0.649682,0,0,0,0,0.299363,0,0,
45063037,781,0.430894,0,0,0,0,0.520325,0,0,
45003064,1797,0.183333,0,0,0,0,0.806667,0,0,
45055117,1565,0.540404,0,0,0,0,0.426768,0,0,
45013120,1679,0.248663,0,0,0,0,0.705882,0,0,
45015013,1622,0.240793,0,0,0,0,0.733711,0,0,
45051113,1852,0.200787,0,0,0,0,0.76378,0,0,
45051114,1975,0.22651,0,0,0,0,0.744966,0,0,
45083060,2804,0.2749,0,0,0,0,0.675963,0,0,
45065015,604,0.605634,0,0,0,0,0.366197,0,0,
45059012,1427,0.471429,0,0,0,0,0.446429,0,0,
45059013,1540,0.541436,0,0,0,0,0.403315,0,0,
45059017,1333,0.284047,0,0,0,0,0.657588,0,0,
45091009,1560,0.220544,0,0,0,0,0.716012,0,0,
45051116,1161,0.881313,0,0,0,0,0.0883838,0,0,
45051117,1568,0.753846,0,0,0,0,0.189744,0,0,
45041005,2739,0.425781,0,0,0,0,0.523438,0,0,
45063039,1785,0.20045,0,0,0,0,0.754505,0,0,
45063077,999,0.318725,0,0,0,0,0.653386,0,0,
45071028,1059,0.48125,0,0,0,0,0.45625,0,0,
45083012,2228,0.248796,0,0,0,0,0.691814,0,0,
45053101,629,0.736842,0,0,0,0,0.131579,0,0,
45007093,1198,0.191011,0,0,0,0,0.764045,0,0,
45077151,1073,0.108761,0,0,0,0,0.864048,0,0,
45085105,1557,0.467742,0,0,0,0,0.467742,0,0,
45085106,1161,0.501718,0,0,0,0,0.426117,0,0,
45015012,1330,0.161616,0,0,0,0,0.80303,0,0,
45007030,1518,0.328165,0,0,0,0,0.627907,0,0,
45083031,1327,0.542553,0,0,0,0,0.386525,0,0,
45015014,2282,0.358423,0,0,0,0,0.569892,0,0,
45015015,1733,0.34009,0,0,0,0,0.596847,0,0,
45051122,1025,0.112957,0,0,0,0,0.870432,0,0,
45083128,1331,0.474725,0,0,0,0,0.468132,0,0,
45051124,2695,0.175155,0,0,0,0,0.809938,0,0,
45051125,1999,0.20765,0,0,0,0,0.759563,0,0,
45051126,1118,0.314189,0,0,0,0,0.672297,0,0,
45079315,1239,0.246094,0,0,0,0,0.71875,0,0,
45079380,1425,0.400749,0,0,0,0,0.535581,0,0,
45069012,2044,0.75945,0,0,0,0,0.213058,0,0,
45055121,544,0.382114,0,0,0,0,0.512195,0,0,
45051128,2652,0.397797,0,0,0,0,0.543452,0,0,
45077121,1252,0.091954,0,0,0,0,0.850575,0,0,
45037001,905,0.533708,0,0,0,0,0.410112,0,0,
45037002,1854,0.653646,0,0,0,0,0.299479,0,0,
45063017,1157,0.305556,0,0,0,0,0.621528,0,0,
45009003,757,0.545082,0,0,0,0,0.418033,0,0,
45051130,2692,0.344942,0,0,0,0,0.572139,0,0,
45051131,3630,0.296574,0,0,0,0,0.633833,0,0,
45051132,2305,0.237609,0,0,0,0,0.701166,0,0,
45021011,1365,0.165829,0,0,0,0,0.778894,0,0,
45005003,611,0.666667,0,0,0,0,0.253333,0,0,
45005004,1286,0.889205,0,0,0,0,0.0823864,0,0,
45015008,771,0.948454,0,0,0,0,0.0257732,0,0,
45059001,1002,0.463158,0,0,0,0,0.473684,0,0,
45059002,2431,0.268097,0,0,0,0,0.654155,0,0,
45059003,2210,0.356115,0,0,0,0,0.615108,0,0,
45059004,476,0.832215,0,0,0,0,0.14094,0,0,
45015017,1203,0.329897,0,0,0,0,0.618557,0,0,
45003058,1624,0.358717,0,0,0,0,0.581162,0,0,
45003073,1505,0.152062,0,0,0,0,0.81701,0,0,
45079324,1685,0.586449,0,0,0,0,0.369159,0,0,
45079325,1546,0.492711,0,0,0,0,0.469388,0,0,
45051137,176,0.206897,0,0,0,0,0.775862,0,0,
45051138,2176,0.203008,0,0,0,0,0.768421,0,0,
45051139,1410,0.135198,0,0,0,0,0.850816,0,0,
45051140,1984,0.309982,0,0,0,0,0.651489,0,0,
45051141,1251,0.257212,0,0,0,0,0.699519,0,0,
45063026,1312,0.184659,0,0,0,0,0.755682,0,0,
45063075,1693,0.301887,0,0,0,0,0.616352,0,0,
45003060,1303,0.203922,0,0,0,0,0.752941,0,0,
45059005,1562,0.162338,0,0,0,0,0.782468,0,0,
45043112,1117,0.957983,0,0,0,0,0.0196078,0,0,
45021029,849,0.61244,0,0,0,0,0.358852,0,0,
45057010,2125,0.616307,0,0,0,0,0.342926,0,0,
45021019,1080,0.127329,0,0,0,0,0.826087,0,0,
45023028,1148,0.519174,0,0,0,0,0.415929,0,0,
45085118,2145,0.556373,0,0,0,0,0.409314,0,0,
45085157,1089,0.241667,0,0,0,0,0.708333,0,0,
45003048,1110,0.343042,0,0,0,0,0.621359,0,0,
45015020,2334,0.189655,0,0,0,0,0.760345,0,0,
45015021,1490,0.409396,0,0,0,0,0.543624,0,0,
45015022,1497,0.257225,0,0,0,0,0.682081,0,0,
45015023,1610,0.448,0,0,0,0,0.48,0,0,
45079332,2583,0.699248,0,0,0,0,0.25188,0,0,
45079381,1452,0.666667,0,0,0,0,0.28655,0,0,
45089012,596,0.581281,0,0,0,0,0.384236,0,0,
45081006,665,0.766667,0,0,0,0,0.186667,0,0,
45015024,1572,0.575342,0,0,0,0,0.381605,0,0,
45013214,1398,0.231707,0,0,0,0,0.737805,0,0,
45013218,993,0.274336,0,0,0,0,0.654867,0,0,
45003066,1293,0.239837,0,0,0,0,0.735772,0,0,
45021033,1743,0.493724,0,0,0,0,0.451883,0,0,
45021020,1271,0.103064,0,0,0,0,0.846797,0,0,
45079333,1537,0.888889,0,0,0,0,0.0909091,0,0,
45015025,2197,0.57596,0,0,0,0,0.357262,0,0,
45039007,578,0.894531,0,0,0,0,0.0859375,0,0,
45051152,686,0.148148,0,0,0,0,0.823045,0,0,
45051153,2105,0.317021,0,0,0,0,0.63617,0,0,
45051154,4013,0.297619,0,0,0,0,0.665751,0,0,
45037004,1448,0.775,0,0,0,0,0.197917,0,0,
45037005,1323,0.696237,0,0,0,0,0.263441,0,0,
45079336,2313,0.863426,0,0,0,0,0.087963,0,0,
45031023,1811,0.138528,0,0,0,0,0.831169,0,0,
45079382,1896,0.561966,0,0,0,0,0.382479,0,0,
45071019,459,0.436893,0,0,0,0,0.504854,0,0,
45035073,1835,0.362587,0,0,0,0,0.600462,0,0,
45035098,1853,0.383178,0,0,0,0,0.579439,0,0,
45089014,3049,0.590782,0,0,0,0,0.381285,0,0,
45089015,1014,0.935606,0,0,0,0,0.0227273,0,0,
45089016,2403,0.91874,0,0,0,0,0.039801,0,0,
45089017,1327,0.816568,0,0,0,0,0.14497,0,0,
45013130,1618,0.365994,0,0,0,0,0.550432,0,0,
45013131,1584,0.429907,0,0,0,0,0.535826,0,0,
45013132,1750,0.195513,0,0,0,0,0.75,0,0,
45013133,1074,0.26,0,0,0,0,0.688,0,0,
45013134,944,0.292683,0,0,0,0,0.673171,0,0,
45013135,1145,0.227273,0,0,0,0,0.736364,0,0,
45063003,2089,0.117794,0,0,0,0,0.844612,0,0,
45063076,3032,0.221154,0,0,0,0,0.746795,0,0,
45023014,1029,0.323308,0,0,0,0,0.631579,0,0,
45003052,1555,0.426332,0,0,0,0,0.504702,0,0,
45003072,1006,0.419913,0,0,0,0,0.497835,0,0,
45063070,3035,0.211587,0,0,0,0,0.725441,0,0,
45063071,3418,0.297641,0,0,0,0,0.651543,0,0,
45079340,2378,0.962773,0,0,0,0,0.0115533,0,0,
45019110,1551,0.55,0,0,0,0,0.38913,0,0,
45051160,1688,0.202312,0,0,0,0,0.755299,0,0,
45051161,2961,0.250295,0,0,0,0,0.702479,0,0,
45051162,2102,0.234848,0,0,0,0,0.731818,0,0,
45051165,2507,0.227865,0,0,0,0,0.736979,0,0,
45051220,3101,0.254707,0,0,0,0,0.714286,0,0,
45059028,670,0.121951,0,0,0,0,0.835366,0,0,
45015030,966,0.370253,0,0,0,0,0.588608,0,0,
45085111,1462,0.463722,0,0,0,0,0.511041,0,0,
45085139,1812,0.379888,0,0,0,0,0.581006,0,0,
45037007,2445,0.194662,0,0,0,0,0.764521,0,0,
45037012,3096,0.193426,0,0,0,0,0.753477,0,0,
45051167,740,0.0285714,0,0,0,0,0.942857,0,0,
45003051,1918,0.318271,0,0,0,0,0.632613,0,0,
45003071,1950,0.288802,0,0,0,0,0.6778,0,0,
45015031,1877,0.432802,0,0,0,0,0.526196,0,0,
45015032,1692,0.506912,0,0,0,0,0.428571,0,0,
45015033,2220,0.529851,0,0,0,0,0.43097,0,0,
45015034,1584,0.24031,0,0,0,0,0.709302,0,0,
45003022,1818,0.349206,0,0,0,0,0.60771,0,0,
45015018,1692,0.26,0,0,0,0,0.708889,0,0,
45013140,1056,0.274775,0,0,0,0,0.684685,0,0,
45013141,1313,0.236515,0,0,0,0,0.701245,0,0,
45073009,876,0.165217,0,0,0,0,0.786957,0,0,
45063079,1373,0.385382,0,0,0,0,0.578073,0,0,
45071027,1226,0.757085,0,0,0,0,0.218623,0,0,
4502517,372,0.353659,0,0,0,0,0.609756,0,0,
45083106,824,0.632075,0,0,0,0,0.334906,0,0,
45085115,1191,0.759398,0,0,0,0,0.210526,0,0,
45017010,466,0.64,0,0,0,0,0.352,0,0,
45051171,1742,0.346591,0,0,0,0,0.582386,0,0,
45051172,1807,0.277662,0,0,0,0,0.701461,0,0,
45051173,1818,0.230159,0,0,0,0,0.728175,0,0,
45069015,2779,0.650289,0,0,0,0,0.317919,0,0,
45067015,2219,0.773389,0,0,0,0,0.170478,0,0,
45047039,924,0.241546,0,0,0,0,0.719807,0,0,
45071001,428,0.782609,0,0,0,0,0.206522,0,0,
45071002,1162,0.487395,0,0,0,0,0.462185,0,0,
45071003,920,0.752874,0,0,0,0,0.189655,0,0,
45071005,582,0.949045,0,0,0,0,0.044586,0,0,
45071007,726,0.923077,0,0,0,0,0.0271493,0,0,
45071008,1203,0.728261,0,0,0,0,0.233696,0,0,
45073001,281,0.230769,0,0,0,0,0.738462,0,0,
45021026,897,0.0848214,0,0,0,0,0.848214,0,0,
45047012,857,0.497561,0,0,0,0,0.463415,0,0,
45047013,730,0.152542,0,0,0,0,0.80226,0,0,
45051176,1481,0.467312,0,0,0,0,0.467312,0,0,
45051177,1208,0.312715,0,0,0,0,0.646048,0,0,
45079349,1437,0.669355,0,0,0,0,0.294355,0,0,
45079350,3138,0.624288,0,0,0,0,0.324478,0,0,
45091049,2581,0.235981,0,0,0,0,0.738318,0,0,
45015005,1382,0.43,0,0,0,0,0.533333,0,0,
45053109,1458,0.463576,0,0,0,0,0.440397,0,0,
45085104,1314,0.461538,0,0,0,0,0.48951,0,0,
45085110,1074,0.432203,0,0,0,0,0.508475,0,0,
45091027,2514,0.282813,0,0,0,0,0.678125,0,0,
45051179,2225,0.206485,0,0,0,0,0.738908,0,0,
45051180,3247,0.156004,0,0,0,0,0.824916,0,0,
45051181,1662,0.233796,0,0,0,0,0.712963,0,0,
45051182,1869,0.263858,0,0,0,0,0.698448,0,0,
45051183,1326,0.440895,0,0,0,0,0.495208,0,0,
45063005,1207,0.402778,0,0,0,0,0.532407,0,0,
45075101,696,0.647619,0,0,0,0,0.328571,0,0,
45075110,791,0.696335,0,0,0,0,0.298429,0,0,
45075102,552,0.960976,0,0,0,0,0.0341463,0,0,
45075103,1013,0.974504,0,0,0,0,0.0169972,0,0,
45075104,2357,0.955674,0,0,0,0,0.0070922,0,0,
45075105,545,0.920904,0,0,0,0,0.0508475,0,0,
45075106,737,0.857143,0,0,0,0,0.120536,0,0,
45075108,568,0.636364,0,0,0,0,0.350649,0,0,
45075109,561,0.782857,0,0,0,0,0.171429,0,0,
45075107,765,0.655172,0,0,0,0,0.327586,0,0,
45063073,1774,0.247863,0,0,0,0,0.695157,0,0,
45079385,923,0.590426,0,0,0,0,0.367021,0,0,
45015019,1158,0.654867,0,0,0,0,0.287611,0,0,
45079353,2541,0.814691,0,0,0,0,0.141903,0,0,
45079386,2611,0.734226,0,0,0,0,0.212237,0,0,
45063022,1345,0.105978,0,0,0,0,0.834239,0,0,
45063083,1471,0.209302,0,0,0,0,0.710594,0,0,
45079354,1015,0.157576,0,0,0,0,0.806061,0,0,
45079355,1236,0.891447,0,0,0,0,0.0559211,0,0,
45063043,2211,0.40691,0,0,0,0,0.568138,0,0,
45085132,2019,0.440191,0,0,0,0,0.521531,0,0,
45085146,1457,0.586486,0,0,0,0,0.375676,0,0,
45071035,611,0.419355,0,0,0,0,0.491935,0,0,
45079358,2553,0.569472,0,0,0,0,0.393346,0,0,
45083063,1687,0.7593,0,0,0,0,0.185996,0,0,
45077115,872,0.0528634,0,0,0,0,0.907489,0,0,
45055143,1968,0.203196,0,0,0,0,0.757991,0,0,
45063013,2178,0.199623,0,0,0,0,0.734463,0,0,
45051192,1442,0.257485,0,0,0,0,0.679641,0,0,
45051193,2476,0.295933,0,0,0,0,0.647966,0,0,
45079359,1893,0.847682,0,0,0,0,0.119205,0,0,
45081016,832,0.714789,0,0,0,0,0.246479,0,0,
45079361,1254,0.211538,0,0,0,0,0.75,0,0,
45015037,1440,0.848558,0,0,0,0,0.110577,0,0,
45047040,772,0.407767,0,0,0,0,0.548544,0,0,
45069013,1281,0.876543,0,0,0,0,0.0617284,0,0,
45063080,1732,0.32043,0,0,0,0,0.608602,0,0,
45003070,1547,0.326923,0,0,0,0,0.634615,0,0,
45059006,954,0.335404,0,0,0,0,0.639752,0,0,
45051195,2240,0.375276,0,0,0,0,0.547461,0,0,
45051196,1826,0.552941,0,0,0,0,0.398039,0,0,
45073030,2826,0.465116,0,0,0,0,0.486822,0,0,
45007061,768,0.220408,0,0,0,0,0.742857,0,0,
45003035,1665,0.379205,0,0,0,0,0.577982,0,0,
45003046,1503,0.912833,0,0,0,0,0.0508475,0,0,
45003065,1971,0.1678,0,0,0,0,0.804989,0,0,
45051199,3378,0.265045,0,0,0,0,0.677337,0,0,
45051200,1694,0.167939,0,0,0,0,0.774809,0,0,
45051201,3251,0.217861,0,0,0,0,0.719333,0,0,
45051202,4580,0.296935,0,0,0,0,0.649425,0,0,
45003075,1777,0.301471,0,0,0,0,0.656863,0,0,
45003076,2144,0.209746,0,0,0,0,0.743644,0,0,
45041056,3003,0.513274,0,0,0,0,0.439528,0,0,
45041057,2168,0.827801,0,0,0,0,0.13278,0,0,
45079368,1857,0.153631,0,0,0,0,0.804469,0,0,
45015042,2575,0.259259,0,0,0,0,0.688889,0,0,
45071042,1022,0.59887,0,0,0,0,0.355932,0,0,
45015043,1575,0.392777,0,0,0,0,0.541761,0,0,
45085112,1382,0.230366,0,0,0,0,0.743455,0,0,
45063059,2286,0.156733,0,0,0,0,0.801325,0,0,
45013180,1228,0.689516,0,0,0,0,0.294355,0,0,
45015044,1864,0.41978,0,0,0,0,0.514286,0,0,
45015045,1802,0.247826,0,0,0,0,0.723913,0,0,
45015046,2167,0.401515,0,0,0,0,0.535985,0,0,
45015047,1777,0.363057,0,0,0,0,0.545648,0,0,
45085140,696,0.398773,0,0,0,0,0.552147,0,0,
45085155,1462,0.462838,0,0,0,0,0.5,0,0,
45013350,1683,0.262195,0,0,0,0,0.721545,0,0,
45013351,1589,0.230088,0,0,0,0,0.731563,0,0,
45013353,1797,0.284483,0,0,0,0,0.678161,0,0,
45013356,1474,0.278884,0,0,0,0,0.689243,0,0,
45051204,2420,0.250769,0,0,0,0,0.7,0,0,
45051205,1128,0.182143,0,0,0,0,0.8,0,0,
45051206,2538,0.210095,0,0,0,0,0.74352,0,0,
45051207,2652,0.193906,0,0,0,0,0.759003,0,0,
45063024,1172,0.565333,0,0,0,0,0.4,0,0,
45063082,1412,0.472906,0,0,0,0,0.480296,0,0,
45073021,1332,0.144886,0,0,0,0,0.815341,0,0,
45029013,2998,0.230769,0,0,0,0,0.736686,0,0,
45085154,1205,0.765677,0,0,0,0,0.214521,0,0,
45041060,1769,0.857407,0,0,0,0,0.105556,0,0,
45041061,1292,0.582583,0,0,0,0,0.384384,0,0,
45073022,1291,0.147493,0,0,0,0,0.820059,0,0,
45037006,1107,0.55418,0,0,0,0,0.402477,0,0,
45069014,2208,0.794677,0,0,0,0,0.159696,0,0,
45063044,930,0.47541,0,0,0,0,0.42623,0,0,
45063045,747,0.872263,0,0,0,0,0.10219,0,0,
45063046,721,0.286624,0,0,0,0,0.649682,0,0,
45063047,1630,0.410468,0,0,0,0,0.520661,0,0,
45003039,1935,0.520134,0,0,0,0,0.412752,0,0,
45045338,1985,0.223065,0,0,0,0,0.732929,0,0,
45015048,1001,0.572016,0,0,0,0,0.390947,0,0,
45015049,2310,0.350559,0,0,0,0,0.613128,0,0,
45041063,2948,0.337748,0,0,0,0,0.615894,0,0,
45041064,1574,0.412245,0,0,0,0,0.546939,0,0,
45051214,937,0.781065,0,0,0,0,0.186391,0,0,
45073027,2924,0.151645,0,0,0,0,0.792561,0,0,
45015050,1460,0.224138,0,0,0,0,0.729885,0,0,
45015051,1886,0.291262,0,0,0,0,0.660194,0,0,
45015052,1715,0.266811,0,0,0,0,0.681128,0,0,
45015053,2359,0.405605,0,0,0,0,0.533923,0,0,
45021032,533,0.0352113,0,0,0,0,0.908451,0,0,
45011013,1420,0.738589,0,0,0,0,0.246888,0,0,
45011014,605,0.391061,0,0,0,0,0.575419,0,0,
45011015,843,0.42807,0,0,0,0,0.529825,0,0,
45027024,1392,0.69906,0,0,0,0,0.269592,0,0,
45051217,1436,0.270677,0,0,0,0,0.691729,0,0,
45051218,2240,0.194986,0,0,0,0,0.786908,0,0,
45029034,377,0.116279,0,0,0,0,0.860465,0,0,
45083001,2354,0.397651,0,0,0,0,0.550336,0,0,
