8
2
1,0,0,0,1,
Democrat,Green,Libertarian,OtherParties,Republican
#PrecinctID,PrecinctPop,DemocratP,GreenP,LibertarianP,OtherPartiesP,RepublicanP
2400101-000,630,0.196825,0,0,0,0.625397,
2400102-000,708,0.216102,0,0,0,0.601695,
2400103-000,679,0.21944,0,0,0,0.597938,
2400104-002,752,0.422872,0,0,0,0.297872,
2400104-003,1093,0.37054,0,0,0,0.387923,
2400104-004,1285,0.395331,0,0,0,0.445914,
2400104-005,737,0.370421,0,0,0,0.378562,
2400104-008,1225,0.36,0,0,0,0.434286,
2400105-004,1051,0.394862,0,0,0,0.396765,
2400105-006,517,0.324952,0,0,0,0.489362,
2400106-001,1203,0.398171,0,0,0,0.398171,
2400106-003,634,0.454259,0,0,0,0.359621,
2400106-005,968,0.39876,0,0,0,0.417355,
2400106-006,1363,0.338225,0,0,0,0.488628,
2400107-001,1494,0.329317,0,0,0,0.488621,
2400107-002,1576,0.293782,0,0,0,0.540609,
2400108-000,2076,0.267341,0,0,0,0.558767,
2400109-000,787,0.191868,0,0,0,0.644219,
2400110-000,1266,0.161927,0,0,0,0.706951,
2400111-000,822,0.390511,0,0,0,0.442822,
2400112-000,2008,0.333665,0,0,0,0.463147,
2400113-000,1441,0.26787,0,0,0,0.553782,
2400114-000,499,0.466934,0,0,0,0.308617,
2400116-000,1441,0.253296,0,0,0,0.568355,
2400118-000,1370,0.20219,0,0,0,0.664964,
2400120-000,1321,0.254353,0,0,0,0.591219,
2400121-000,796,0.252513,0,0,0,0.576633,
2400122-001,1571,0.357097,0,0,0,0.422661,
2400122-002,102,0.352941,0,0,0,0.509804,
2400123-000,1791,0.396427,0,0,0,0.39866,
2400124-000,1239,0.256659,0,0,0,0.584342,
2400126-000,1788,0.354027,0,0,0,0.424497,
2400129-001,1732,0.297344,0,0,0,0.532333,
2400129-002,1541,0.305646,0,0,0,0.541207,
2400129-003,1165,0.330472,0,0,0,0.513305,
2400131-000,1030,0.276699,0,0,0,0.548544,
2400134-000,1289,0.325834,0,0,0,0.505818,
2400301-001,1670,0.407784,0,0,0,0.392814,
2400301-002,1662,0.379663,0,0,0,0.39651,
2400301-003,2083,0.423908,0,0,0,0.358617,
2400301-004,1974,0.572948,0,0,0,0.228977,
2400301-005,1733,0.481823,0,0,0,0.274091,
2400301-006,2318,0.560397,0,0,0,0.21484,
2400301-007,1535,0.362215,0,0,0,0.378502,
2400301-008,2159,0.397406,0,0,0,0.377953,
2400301-009,1833,0.380251,0,0,0,0.405892,
2400301-010,1340,0.380597,0,0,0,0.415672,
2400301-011,1121,0.353256,0,0,0,0.418376,
2400301-012,2764,0.632055,0,0,0,0.154124,
2400301-013,1105,0.508597,0,0,0,0.237104,
2400301-014,1797,0.441848,0,0,0,0.350028,
2400301-015,1730,0.46763,0,0,0,0.308092,
2400301-016,1914,0.504702,0,0,0,0.26698,
2400301-017,1333,0.471868,0,0,0,0.273818,
2400301-018,2696,0.579006,0,0,0,0.215875,
2400301-019,2263,0.543526,0,0,0,0.213433,
2400301-020,2328,0.521478,0,0,0,0.242698,
2400301-021,2295,0.677996,0,0,0,0.121569,
2400301-022,5072,0.50138,0,0,0,0.211751,
2400301-023,1253,0.577015,0,0,0,0.185156,
2400301-024,1415,0.536396,0,0,0,0.216254,
2400301-025,1361,0.41881,0,0,0,0.317414,
2400301-026,3422,0.701929,0,0,0,0.100818,
2400302-001,1693,0.396338,0,0,0,0.366214,
2400302-002,1552,0.461985,0,0,0,0.329897,
2400302-003,1745,0.452149,0,0,0,0.326648,
2400302-004,2390,0.459833,0,0,0,0.328452,
2400302-005,2152,0.518123,0,0,0,0.2421,
2400302-006,1642,0.440317,0,0,0,0.341657,
2400302-007,2692,0.472511,0,0,0,0.305721,
2400302-008,2527,0.403641,0,0,0,0.363672,
2400302-009,2218,0.527051,0,0,0,0.241659,
2400302-010,2120,0.386792,0,0,0,0.373585,
2400302-011,1361,0.415871,0,0,0,0.343865,
2400302-012,1599,0.399625,0,0,0,0.354597,
2400302-013,1486,0.39031,0,0,0,0.379542,
2400302-014,3012,0.657371,0,0,0,0.150398,
2400302-015,2338,0.535928,0,0,0,0.250642,
2400302-016,1465,0.386348,0,0,0,0.374744,
2400302-017,2600,0.598462,0,0,0,0.187308,
2400302-018,1655,0.485196,0,0,0,0.254381,
2400302-019,2325,0.568172,0,0,0,0.221935,
2400302-020,2072,0.426158,0,0,0,0.346525,
2400302-021,3040,0.339474,0,0,0,0.425,
2400302-022,2528,0.384494,0,0,0,0.373813,
2400302-023,2570,0.392607,0,0,0,0.335798,
2400302-024,2042,0.425563,0,0,0,0.337414,
2400303-001,1995,0.331328,0,0,0,0.441103,
2400303-002,1430,0.344755,0,0,0,0.393706,
2400303-003,2860,0.332517,0,0,0,0.412937,
2400303-004,2812,0.340327,0,0,0,0.412162,
2400303-005,2859,0.356069,0,0,0,0.418328,
2400303-006,7031,0.446167,0,0,0,0.32058,
2400303-007,2057,0.373845,0,0,0,0.388916,
2400303-008,2663,0.488171,0,0,0,0.284266,
2400303-009,1049,0.320305,0,0,0,0.459485,
2400303-010,2194,0.264357,0,0,0,0.524613,
2400303-011,2295,0.268845,0,0,0,0.512854,
2400303-012,2184,0.278846,0,0,0,0.5087,
2400303-013,2246,0.261799,0,0,0,0.524933,
2400303-014,1645,0.328267,0,0,0,0.448024,
2400303-015,1517,0.264997,0,0,0,0.543837,
2400303-016,2109,0.330014,0,0,0,0.41394,
2400303-017,1977,0.300961,0,0,0,0.489125,
2400303-018,2543,0.299253,0,0,0,0.492725,
2400303-019,2008,0.263446,0,0,0,0.520418,
2400303-020,1674,0.307049,0,0,0,0.490442,
2400303-021,2534,0.348066,0,0,0,0.399369,
2400303-022,1742,0.367394,0,0,0,0.427095,
2400303-023,1656,0.332729,0,0,0,0.464976,
2400303-024,2359,0.357779,0,0,0,0.381094,
2400303-025,1906,0.53043,0,0,0,0.265477,
2400304-001,2024,0.625988,0,0,0,0.157609,
2400304-002,2699,0.443127,0,0,0,0.276399,
2400304-003,1865,0.359249,0,0,0,0.383378,
2400304-004,2173,0.331339,0,0,0,0.464795,
2400304-005,1390,0.451799,0,0,0,0.285612,
2400304-006,2790,0.724373,0,0,0,0.0799283,
2400304-007,2918,0.522961,0,0,0,0.196367,
2400304-008,2029,0.380976,0,0,0,0.378512,
2400304-009,3032,0.655343,0,0,0,0.125,
2400304-010,706,0.467422,0,0,0,0.347025,
2400304-011,1811,0.51132,0,0,0,0.241303,
2400304-012,1892,0.42759,0,0,0,0.310254,
2400304-013,1783,0.312956,0,0,0,0.453169,
2400304-014,1941,0.333333,0,0,0,0.425554,
2400304-015,2693,0.343854,0,0,0,0.411808,
2400304-016,2054,0.451315,0,0,0,0.272639,
2400304-017,2033,0.593704,0,0,0,0.175111,
2400304-018,2229,0.473755,0,0,0,0.297443,
2400304-019,1957,0.66326,0,0,0,0.105263,
2400304-020,2041,0.465948,0,0,0,0.298383,
2400304-021,3188,0.396801,0,0,0,0.358846,
2400304-022,1995,0.499749,0,0,0,0.263659,
2400304-023,3220,0.408385,0,0,0,0.341615,
2400304-024,2243,0.614802,0,0,0,0.149799,
2400304-025,310,0.480645,0,0,0,0.222581,
2400304-026,813,0.538745,0,0,0,0.202952,
2400305-001,2304,0.345052,0,0,0,0.443576,
2400305-002,2497,0.393272,0,0,0,0.375651,
2400305-003,1960,0.339286,0,0,0,0.421429,
2400305-004,2109,0.369369,0,0,0,0.387387,
2400305-005,2019,0.382368,0,0,0,0.398217,
2400305-006,1682,0.373365,0,0,0,0.44352,
2400305-007,1678,0.297378,0,0,0,0.492253,
2400305-008,2077,0.355802,0,0,0,0.409726,
2400305-009,1266,0.337283,0,0,0,0.434439,
2400305-010,1087,0.317387,0,0,0,0.448942,
2400305-011,1877,0.389451,0,0,0,0.379329,
2400305-012,1494,0.303213,0,0,0,0.461847,
2400305-013,1892,0.33351,0,0,0,0.451374,
2400305-014,1996,0.338176,0,0,0,0.428357,
2400305-015,1085,0.297696,0,0,0,0.461751,
2400305-016,1456,0.37706,0,0,0,0.425137,
2400305-017,2227,0.363718,0,0,0,0.38123,
2400305-018,1990,0.4,0,0,0,0.361809,
2400305-019,1665,0.326727,0,0,0,0.47988,
2400305-020,1959,0.392547,0,0,0,0.397652,
2400305-021,2750,0.355636,0,0,0,0.401455,
2400305-022,2156,0.348794,0,0,0,0.408163,
2400305-023,1379,0.382886,0,0,0,0.422045,
2400305-024,1650,0.292727,0,0,0,0.479394,
2400305-025,1904,0.321954,0,0,0,0.450105,
2400305-026,3561,0.379669,0,0,0,0.374614,
2400305-027,1910,0.335602,0,0,0,0.402618,
2400305-028,976,0.392418,0,0,0,0.400615,
2400305-029,880,0.355682,0,0,0,0.423864,
2400305-030,1102,0.334846,0,0,0,0.450998,
2400305-031,646,0.399381,0,0,0,0.421053,
2400305-032,872,0.502294,0,0,0,0.279817,
2400305-033,1768,0.288462,0,0,0,0.502262,
2400305-034,1192,0.338926,0,0,0,0.437919,
2400305-035,178,0.342697,0,0,0,0.47191,
2400306-001,2612,0.487366,0,0,0,0.296708,
2400306-002,1867,0.442957,0,0,0,0.337975,
2400306-003,1528,0.715314,0,0,0,0.125654,
2400306-004,771,0.603113,0,0,0,0.171206,
2400306-005,1387,0.424658,0,0,0,0.364816,
2400306-006,1229,0.681855,0,0,0,0.113914,
2400306-007,1122,0.545455,0,0,0,0.240642,
2400306-008,1772,0.515801,0,0,0,0.259594,
2400306-009,1762,0.437003,0,0,0,0.335414,
2400306-010,1374,0.39738,0,0,0,0.370451,
2400306-011,1365,0.460806,0,0,0,0.286447,
2400306-012,2076,0.570809,0,0,0,0.228324,
2400306-013,1281,0.615144,0,0,0,0.200625,
2400306-014,2292,0.680192,0,0,0,0.156195,
2400306-015,1490,0.556376,0,0,0,0.22953,
2400306-016,1145,0.641048,0,0,0,0.173799,
2400306-017,2052,0.488791,0,0,0,0.288012,
2400306-018,2108,0.463472,0,0,0,0.324478,
2400306-019,2691,0.383501,0,0,0,0.390561,
2400306-020,1468,0.43733,0,0,0,0.391689,
2400306-021,942,0.366242,0,0,0,0.427813,
2400306-022,2280,0.398246,0,0,0,0.338596,
2400306-023,1654,0.452237,0,0,0,0.307134,
2400306-024,1704,0.519366,0,0,0,0.253521,
2400306-025,1669,0.398442,0,0,0,0.401438,
2400306-026,3040,0.345066,0,0,0,0.419408,
2400306-027,1031,0.325897,0,0,0,0.466537,
2400306-028,1697,0.34119,0,0,0,0.439599,
2400306-029,1144,0.375874,0,0,0,0.434441,
2400306-030,1822,0.444018,0,0,0,0.342481,
2400306-031,1504,0.319814,0,0,0,0.466755,
2400306-032,1583,0.379027,0,0,0,0.375237,
2400307-001,2802,0.330835,0,0,0,0.432191,
2400307-002,2511,0.348068,0,0,0,0.42732,
2400307-003,1783,0.419518,0,0,0,0.346607,
2400307-004,1722,0.356562,0,0,0,0.439605,
2400307-005,3565,0.356241,0,0,0,0.379804,
2400307-006,3141,0.30086,0,0,0,0.459726,
2400307-007,2434,0.313065,0,0,0,0.461791,
2400307-008,2153,0.383651,0,0,0,0.397585,
2400307-009,2484,0.43599,0,0,0,0.335346,
2400307-010,2366,0.304311,0,0,0,0.455621,
2400307-011,823,0.27339,0,0,0,0.524909,
2400307-012,1301,0.345119,0,0,0,0.429669,
2400307-013,2230,0.304036,0,0,0,0.449327,
2400307-014,1547,0.373626,0,0,0,0.381383,
2400307-015,2046,0.363148,0,0,0,0.379277,
2400307-016,2064,0.459787,0,0,0,0.290213,
2400307-017,1247,0.372093,0,0,0,0.372093,
2400307-018,2138,0.371843,0,0,0,0.371375,
2400307-019,1430,0.297203,0,0,0,0.486014,
2400307-020,1796,0.437639,0,0,0,0.298998,
2400307-021,2505,0.33014,0,0,0,0.471856,
2400307-022,2411,0.308171,0,0,0,0.467441,
2400307-023,2829,0.333333,0,0,0,0.438317,
2400307-024,2368,0.340372,0,0,0,0.412162,
2400307-025,2191,0.345504,0,0,0,0.419443,
2400307-026,2103,0.340466,0,0,0,0.433666,
2400307-027,3004,0.326897,0,0,0,0.444407,
2451001-001,1387,0.626532,0,0,0,0.152127,
2451001-002,1912,0.637552,0,0,0,0.133891,
2451001-003,1602,0.524345,0,0,0,0.234707,
2451001-004,2216,0.525271,0,0,0,0.24639,
2451001-005,2832,0.510946,0,0,0,0.251412,
2451002-001,1035,0.657971,0,0,0,0.114976,
2451002-002,1571,0.622533,0,0,0,0.14895,
2451002-003,2498,0.555244,0,0,0,0.177742,
2451003-001,1444,0.808172,0,0,0,0.0554017,
2451003-002,698,0.7149,0,0,0,0.0959885,
2451003-003,1604,0.57606,0,0,0,0.172693,
2451004-001,993,0.653575,0,0,0,0.11279,
2451004-002,2298,0.64926,0,0,0,0.104874,
2451004-003,524,0.879771,0,0,0,0.0267176,
2451005-001,1324,0.85423,0,0,0,0.0468278,
2451005-002,121,0.876033,0,0,0,0.0247934,
2451006-001,1207,0.819387,0,0,0,0.0555095,
2451006-002,697,0.806313,0,0,0,0.0688666,
2451006-003,438,0.849315,0,0,0,0.043379,
2451006-004,1132,0.714664,0,0,0,0.0848057,
2451006-005,2491,0.71658,0,0,0,0.0883179,
2451007-001,1044,0.854406,0,0,0,0.0421456,
2451007-002,276,0.793478,0,0,0,0.0507246,
2451007-003,2032,0.850394,0,0,0,0.0408465,
2451007-004,2007,0.852018,0,0,0,0.0378675,
2451008-001,76,0.842105,0,0,0,0.0921053,
2451008-002,1404,0.860399,0,0,0,0.042735,
2451008-003,1614,0.865551,0,0,0,0.0415118,
2451008-004,404,0.844059,0,0,0,0.0544554,
2451008-005,1522,0.878449,0,0,0,0.0335085,
2451008-006,2044,0.878669,0,0,0,0.0420744,
2451008-007,1499,0.898599,0,0,0,0.0313542,
2451008-008,882,0.781179,0,0,0,0.102041,
2451008-009,71,0.873239,0,0,0,0.0140845,
2451008-010,2691,0.901524,0,0,0,0.0274991,
2451008-011,496,0.854839,0,0,0,0.0423387,
2451009-001,634,0.869085,0,0,0,0.0425868,
2451009-002,952,0.848739,0,0,0,0.039916,
2451009-003,1278,0.8482,0,0,0,0.0367762,
2451009-004,2058,0.851312,0,0,0,0.0393586,
2451009-005,1618,0.86403,0,0,0,0.0457355,
2451009-006,1884,0.876858,0,0,0,0.0318471,
2451009-007,1698,0.866902,0,0,0,0.0341578,
2451009-008,1311,0.88177,0,0,0,0.0305111,
2451009-009,840,0.82381,0,0,0,0.0333333,
2451009-010,1148,0.84669,0,0,0,0.043554,
2451009-011,301,0.827243,0,0,0,0.0564784,
2451009-012,1386,0.885281,0,0,0,0.0353535,
2451009-013,514,0.875486,0,0,0,0.0447471,
2451009-014,1406,0.857752,0,0,0,0.0362731,
2451009-015,1596,0.867168,0,0,0,0.0319549,
2451010-001,1047,0.886342,0,0,0,0.0276982,
2451010-002,1153,0.903729,0,0,0,0.0251518,
2451010-003,542,0.813653,0,0,0,0.0479705,
2451010-004,572,0.872378,0,0,0,0.0367133,
2451011-001,1442,0.734397,0,0,0,0.0651872,
2451011-002,461,0.759219,0,0,0,0.0542299,
2451011-003,1467,0.784594,0,0,0,0.0545331,
2451011-004,64,0.9375,0,0,0,0.015625,
2451011-005,1443,0.807346,0,0,0,0.043659,
2451011-006,2354,0.733645,0,0,0,0.0709431,
2451011-007,1355,0.718819,0,0,0,0.0619926,
2451012-001,2585,0.709091,0,0,0,0.103675,
2451012-002,245,0.665306,0,0,0,0.191837,
2451012-003,709,0.750353,0,0,0,0.0437236,
2451012-004,1479,0.702502,0,0,0,0.0635565,
2451012-005,1117,0.762757,0,0,0,0.0438675,
2451012-006,827,0.735187,0,0,0,0.050786,
2451012-007,1387,0.839942,0,0,0,0.0295602,
2451012-008,1294,0.782844,0,0,0,0.0440495,
2451012-009,1641,0.723949,0,0,0,0.0877514,
2451012-010,1489,0.80994,0,0,0,0.051041,
2451012-011,957,0.827586,0,0,0,0.0397074,
2451012-012,1437,0.80515,0,0,0,0.0340988,
2451013-001,1221,0.747748,0,0,0,0.0851761,
2451013-002,1162,0.722031,0,0,0,0.10327,
2451013-003,2098,0.684461,0,0,0,0.101525,
2451013-004,1072,0.629664,0,0,0,0.170709,
2451013-005,865,0.67052,0,0,0,0.108671,
2451013-006,585,0.849573,0,0,0,0.0307692,
2451013-007,1358,0.869661,0,0,0,0.0346097,
2451013-008,1649,0.854457,0,0,0,0.0369921,
2451013-009,1121,0.854594,0,0,0,0.0285459,
2451013-010,1467,0.832311,0,0,0,0.0388548,
2451013-011,1936,0.700413,0,0,0,0.101756,
2451013-012,1555,0.724759,0,0,0,0.0990354,
2451013-013,85,0.752941,0,0,0,0.0941176,
2451014-001,900,0.801111,0,0,0,0.0422222,
2451014-002,774,0.826873,0,0,0,0.0310078,
2451014-003,793,0.848676,0,0,0,0.0302648,
2451014-004,2184,0.863095,0,0,0,0.0416667,
2451014-005,455,0.879121,0,0,0,0.0483516,
2451015-001,1408,0.889205,0,0,0,0.0269886,
2451015-002,846,0.898345,0,0,0,0.0248227,
2451015-003,2275,0.888791,0,0,0,0.0237363,
2451015-004,755,0.875497,0,0,0,0.0384106,
2451015-005,1160,0.889655,0,0,0,0.025,
2451015-006,1656,0.888889,0,0,0,0.0241546,
2451015-007,1331,0.886551,0,0,0,0.0270473,
2451015-008,644,0.899068,0,0,0,0.0326087,
2451015-009,2474,0.887227,0,0,0,0.0274859,
2451015-010,1279,0.862392,0,0,0,0.0430023,
2451015-011,1245,0.854618,0,0,0,0.0313253,
2451015-012,266,0.857143,0,0,0,0.018797,
2451015-013,700,0.888571,0,0,0,0.0371429,
2451015-014,1248,0.897436,0,0,0,0.025641,
2451015-015,709,0.888575,0,0,0,0.0296192,
2451015-016,752,0.87633,0,0,0,0.0305851,
2451015-017,1557,0.878613,0,0,0,0.0301863,
2451015-018,2669,0.887224,0,0,0,0.0325965,
2451015-019,81,0.901235,0,0,0,0.0246914,
2451015-020,2219,0.875169,0,0,0,0.032447,
2451015-021,985,0.869036,0,0,0,0.0324873,
2451015-022,1233,0.862936,0,0,0,0.0364964,
2451015-023,1563,0.871401,0,0,0,0.0332694,
2451015-024,1713,0.886165,0,0,0,0.0344425,
2451015-025,753,0.873838,0,0,0,0.0345286,
2451016-001,762,0.880577,0,0,0,0.0341207,
2451016-002,1128,0.866135,0,0,0,0.0452128,
2451016-003,780,0.869231,0,0,0,0.0333333,
2451016-004,538,0.83829,0,0,0,0.0539033,
2451016-005,1636,0.871638,0,0,0,0.0385086,
2451016-006,1499,0.879253,0,0,0,0.0366911,
2451016-007,1320,0.892424,0,0,0,0.0287879,
2451016-008,859,0.885914,0,0,0,0.0395809,
2451016-009,1360,0.855882,0,0,0,0.0382353,
2451016-010,830,0.873494,0,0,0,0.0313253,
2451016-011,632,0.873418,0,0,0,0.0443038,
2451016-012,1584,0.875,0,0,0,0.0366162,
2451016-013,1617,0.888683,0,0,0,0.0296846,
2451016-014,2783,0.902623,0,0,0,0.0291053,
2451017-001,169,0.810651,0,0,0,0.0414201,
2451017-002,2447,0.86228,0,0,0,0.0339191,
2451018-001,939,0.865815,0,0,0,0.0415335,
2451018-002,1669,0.760336,0,0,0,0.0623128,
2451019-001,1180,0.891525,0,0,0,0.0254237,
2451019-002,1753,0.742727,0,0,0,0.087279,
2451019-003,172,0.843023,0,0,0,0.0348837,
2451020-001,1421,0.878255,0,0,0,0.0316678,
2451020-002,671,0.822653,0,0,0,0.052161,
2451020-003,1669,0.89275,0,0,0,0.0395446,
2451020-004,216,0.893519,0,0,0,0.0416667,
2451020-005,962,0.867983,0,0,0,0.029106,
2451020-006,2903,0.897348,0,0,0,0.0210127,
2451020-007,1941,0.865018,0,0,0,0.0412159,
2451020-008,623,0.82825,0,0,0,0.0513644,
2451020-009,602,0.692691,0,0,0,0.114618,
2451020-010,462,0.74026,0,0,0,0.116883,
2451020-011,1393,0.748744,0,0,0,0.0847093,
2451021-001,844,0.609005,0,0,0,0.116114,
2451021-002,1445,0.714879,0,0,0,0.0844291,
2451021-003,1686,0.731317,0,0,0,0.0854093,
2451021-004,456,0.701754,0,0,0,0.111842,
2451022-001,1004,0.645418,0,0,0,0.158367,
2451022-002,1409,0.604684,0,0,0,0.184528,
2451023-001,1338,0.53139,0,0,0,0.230942,
2451023-002,1096,0.636861,0,0,0,0.155109,
2451023-003,2047,0.489985,0,0,0,0.246702,
2451024-001,643,0.580093,0,0,0,0.213064,
2451024-002,836,0.521531,0,0,0,0.238038,
2451024-003,1668,0.559353,0,0,0,0.220624,
2451024-004,2333,0.547793,0,0,0,0.210459,
2451024-005,3317,0.523364,0,0,0,0.242086,
2451025-001,2652,0.837858,0,0,0,0.0550528,
2451025-002,1865,0.857909,0,0,0,0.0369973,
2451025-003,1598,0.574468,0,0,0,0.235294,
2451025-004,2166,0.560018,0,0,0,0.201754,
2451025-005,1892,0.762685,0,0,0,0.0845666,
2451025-006,921,0.876221,0,0,0,0.0347448,
2451025-007,467,0.807281,0,0,0,0.0578158,
2451025-008,2131,0.849836,0,0,0,0.0478649,
2451025-009,1108,0.885379,0,0,0,0.0351986,
2451025-010,1168,0.882705,0,0,0,0.0308219,
2451025-011,608,0.616776,0,0,0,0.172697,
2451025-012,1184,0.61402,0,0,0,0.183277,
2451025-013,724,0.638122,0,0,0,0.160221,
2451025-014,1030,0.750485,0,0,0,0.0796117,
2451025-015,964,0.723029,0,0,0,0.096473,
2451025-016,1393,0.600861,0,0,0,0.170136,
2451025-017,325,0.664615,0,0,0,0.156923,
2451025-018,231,0.748918,0,0,0,0.142857,
2451026-001,303,0.570957,0,0,0,0.184818,
2451026-002,1461,0.741958,0,0,0,0.109514,
2451026-003,1210,0.582645,0,0,0,0.228099,
2451026-004,889,0.637795,0,0,0,0.163105,
2451026-005,446,0.661435,0,0,0,0.156951,
2451026-006,886,0.642212,0,0,0,0.146727,
2451026-007,1157,0.527226,0,0,0,0.22299,
2451026-008,1296,0.473765,0,0,0,0.256944,
2451026-009,2796,0.527539,0,0,0,0.232475,
2451026-010,1987,0.669854,0,0,0,0.13236,
2451026-011,918,0.680828,0,0,0,0.1122,
2451026-012,534,0.810861,0,0,0,0.0805243,
2451026-013,787,0.559085,0,0,0,0.222363,
2451026-014,698,0.541547,0,0,0,0.253582,
2451026-015,1494,0.855422,0,0,0,0.0341365,
2451026-016,1205,0.871369,0,0,0,0.0307054,
2451026-017,504,0.890873,0,0,0,0.0277778,
2451026-018,1038,0.876686,0,0,0,0.0404624,
2451026-019,1383,0.868402,0,0,0,0.033261,
2451026-020,700,0.868571,0,0,0,0.0385714,
2451026-021,871,0.876005,0,0,0,0.0332951,
2451026-022,701,0.844508,0,0,0,0.0442225,
2451026-023,1100,0.857273,0,0,0,0.0409091,
2451026-024,1937,0.891585,0,0,0,0.0299432,
2451026-025,1494,0.849398,0,0,0,0.0348059,
2451026-026,1590,0.810063,0,0,0,0.0761006,
2451026-027,1307,0.836266,0,0,0,0.0581484,
2451026-028,1133,0.857017,0,0,0,0.0529568,
2451026-029,3851,0.865489,0,0,0,0.0373929,
2451026-030,888,0.771396,0,0,0,0.103604,
2451026-031,715,0.651748,0,0,0,0.173427,
2451026-032,1688,0.868483,0,0,0,0.0349526,
2451026-033,1468,0.881471,0,0,0,0.0340599,
2451027-001,2047,0.791891,0,0,0,0.0796287,
2451027-002,595,0.763025,0,0,0,0.0907563,
2451027-003,597,0.78727,0,0,0,0.0921273,
2451027-004,563,0.738899,0,0,0,0.129663,
2451027-005,2260,0.74646,0,0,0,0.114602,
2451027-006,2853,0.800911,0,0,0,0.0708027,
2451027-007,1192,0.817114,0,0,0,0.0645973,
2451027-008,2300,0.753913,0,0,0,0.10913,
2451027-009,1368,0.731725,0,0,0,0.127193,
2451027-010,680,0.588235,0,0,0,0.247059,
2451027-011,2320,0.642672,0,0,0,0.190948,
2451027-012,568,0.610915,0,0,0,0.207746,
2451027-013,2725,0.77578,0,0,0,0.0866055,
2451027-014,2399,0.716132,0,0,0,0.125469,
2451027-015,1947,0.838213,0,0,0,0.0606061,
2451027-016,655,0.752672,0,0,0,0.080916,
2451027-017,1148,0.803136,0,0,0,0.0749129,
2451027-018,2011,0.801094,0,0,0,0.065639,
2451027-019,734,0.870572,0,0,0,0.0408719,
2451027-020,2253,0.853085,0,0,0,0.0483799,
2451027-021,2258,0.872011,0,0,0,0.0349867,
2451027-022,2561,0.898087,0,0,0,0.0242093,
2451027-023,582,0.888316,0,0,0,0.0206186,
2451027-024,605,0.889256,0,0,0,0.0280992,
2451027-025,1223,0.886345,0,0,0,0.0343418,
2451027-026,856,0.85514,0,0,0,0.036215,
2451027-027,1591,0.893149,0,0,0,0.0219987,
2451027-028,1246,0.889246,0,0,0,0.0280899,
2451027-029,884,0.884615,0,0,0,0.0282805,
2451027-030,1361,0.88097,0,0,0,0.0198384,
2451027-031,2172,0.881676,0,0,0,0.0285451,
2451027-032,2282,0.796231,0,0,0,0.072305,
2451027-033,2258,0.835695,0,0,0,0.0465013,
2451027-034,1400,0.879286,0,0,0,0.0328571,
2451027-035,2810,0.870463,0,0,0,0.0270463,
2451027-036,916,0.85917,0,0,0,0.029476,
2451027-037,642,0.688474,0,0,0,0.161994,
2451027-038,1334,0.715892,0,0,0,0.103448,
2451027-039,815,0.693252,0,0,0,0.171779,
2451027-040,1422,0.657525,0,0,0,0.181435,
2451027-041,1810,0.692265,0,0,0,0.162431,
2451027-042,1661,0.66767,0,0,0,0.157134,
2451027-043,769,0.758127,0,0,0,0.10013,
2451027-044,1198,0.754591,0,0,0,0.122705,
2451027-045,1689,0.740675,0,0,0,0.108348,
2451027-046,818,0.768949,0,0,0,0.105134,
2451027-047,1109,0.693417,0,0,0,0.0964833,
2451027-048,866,0.869515,0,0,0,0.0427252,
2451027-049,2752,0.77689,0,0,0,0.0890262,
2451027-050,1133,0.84466,0,0,0,0.0556046,
2451027-051,268,0.86194,0,0,0,0.0597015,
2451027-052,2548,0.88697,0,0,0,0.0251177,
2451027-053,1512,0.882937,0,0,0,0.0244709,
2451027-054,560,0.841071,0,0,0,0.0410714,
2451027-055,757,0.88111,0,0,0,0.0422721,
2451027-056,914,0.870897,0,0,0,0.0284464,
2451027-057,1926,0.885774,0,0,0,0.0311526,
2451027-058,600,0.9,0,0,0,0.0283333,
2451027-059,915,0.884153,0,0,0,0.0382514,
2451027-060,1516,0.845646,0,0,0,0.0699208,
2451027-061,733,0.844475,0,0,0,0.047749,
2451027-062,1877,0.723495,0,0,0,0.142781,
2451027-063,1834,0.755725,0,0,0,0.117775,
2451027-064,1741,0.661114,0,0,0,0.172889,
2451027-065,2916,0.646091,0,0,0,0.197874,
2451027-066,2292,0.676265,0,0,0,0.187609,
2451027-067,2109,0.763395,0,0,0,0.0962541,
2451028-001,1316,0.859422,0,0,0,0.0341945,
2451028-002,2060,0.883495,0,0,0,0.0300971,
2451028-003,452,0.853982,0,0,0,0.039823,
2451028-004,670,0.858209,0,0,0,0.0328358,
2451028-005,1574,0.888818,0,0,0,0.0292249,
2451028-006,2306,0.872073,0,0,0,0.0260191,
2451028-007,1048,0.862595,0,0,0,0.0419847,
2451028-008,1373,0.894392,0,0,0,0.024035,
2451028-009,1821,0.828666,0,0,0,0.0411862,
2451028-010,1968,0.866362,0,0,0,0.0416667,
2451028-011,1934,0.875388,0,0,0,0.0372285,
2451028-012,1359,0.813834,0,0,0,0.0699043,
2451028-013,1341,0.876212,0,0,0,0.0343028,
2451028-014,548,0.84854,0,0,0,0.0510949,
2451028-015,1835,0.765123,0,0,0,0.0893733,
2400501-001,4148,0.807136,0,0,0,0.0593057,
2400501-002,1875,0.793067,0,0,0,0.0805333,
2400501-003,3259,0.676281,0,0,0,0.149432,
2400501-004,3906,0.697901,0,0,0,0.13236,
2400501-005,3782,0.730566,0,0,0,0.115812,
2400501-006,3925,0.830828,0,0,0,0.0507006,
2400501-007,1919,0.645128,0,0,0,0.178218,
2400501-008,3899,0.526032,0,0,0,0.240575,
2400501-009,2496,0.617388,0,0,0,0.192308,
2400501-010,2930,0.532423,0,0,0,0.261433,
2400501-011,2586,0.474865,0,0,0,0.317092,
2400501-012,3550,0.442817,0,0,0,0.332394,
2400501-013,2846,0.489108,0,0,0,0.306746,
2400501-014,2761,0.445491,0,0,0,0.354219,
2400501-015,3250,0.52,0,0,0,0.254769,
2400501-016,2375,0.543579,0,0,0,0.347789,
2400501-017,3967,0.787497,0,0,0,0.0577262,
2400502-001,1716,0.875874,0,0,0,0.0320513,
2400502-002,3287,0.860359,0,0,0,0.0371159,
2400502-003,477,0.815514,0,0,0,0.0712788,
2400502-004,2810,0.863701,0,0,0,0.0359431,
2400502-005,2497,0.867841,0,0,0,0.0284341,
2400502-006,3236,0.845179,0,0,0,0.0435723,
2400502-007,2396,0.854341,0,0,0,0.0329716,
2400502-008,2884,0.859917,0,0,0,0.0405687,
2400502-009,2133,0.83685,0,0,0,0.0304735,
2400502-010,4144,0.84556,0,0,0,0.0434363,
2400502-011,4105,0.811937,0,0,0,0.0640682,
2400502-012,4583,0.806895,0,0,0,0.0691687,
2400502-013,3557,0.829069,0,0,0,0.0567894,
2400502-014,4124,0.843113,0,0,0,0.042677,
2400502-015,4411,0.785309,0,0,0,0.0646112,
2400502-016,1577,0.818643,0,0,0,0.0577045,
2400502-017,3093,0.843194,0,0,0,0.0342709,
2400502-018,1394,0.786944,0,0,0,0.0918221,
2400502-019,1150,0.478261,0,0,0,0.332174,
2400502-020,861,0.7259,0,0,0,0.097561,
2400502-021,1026,0.457115,0,0,0,0.34308,
2400502-022,41,0.780488,0,0,0,0.0731707,
2400502-023,591,0.732657,0,0,0,0.125212,
2400502-024,2738,0.83309,0,0,0,0.0536888,
2400502-025,728,0.736264,0,0,0,0.137363,
2400502-026,2163,0.722145,0,0,0,0.121128,
2400502-027,2246,0.787622,0,0,0,0.0627783,
2400502-028,292,0.818493,0,0,0,0.0410959,
2400502-029,2773,0.783267,0,0,0,0.0796971,
2400502-030,420,0.564286,0,0,0,0.257143,
2400502-031,2281,0.81587,0,0,0,0.0587462,
2400503-001,3788,0.844773,0,0,0,0.0570222,
2400503-002,2579,0.801473,0,0,0,0.0810392,
2400503-003,2550,0.846667,0,0,0,0.0462745,
2400503-004,1805,0.707479,0,0,0,0.1241,
2400503-005,3105,0.724316,0,0,0,0.130435,
2400503-006,2770,0.637545,0,0,0,0.209025,
2400503-007,4131,0.543936,0,0,0,0.286371,
2400503-008,3000,0.620333,0,0,0,0.191333,
2400503-009,3489,0.615936,0,0,0,0.178561,
2400503-010,3402,0.676955,0,0,0,0.180776,
2400503-011,3157,0.704783,0,0,0,0.151093,
2400503-012,2331,0.686401,0,0,0,0.138996,
2400503-013,2388,0.529313,0,0,0,0.28057,
2400503-014,1457,0.679478,0,0,0,0.155113,
2400504-001,3181,0.689091,0,0,0,0.129519,
2400504-002,3317,0.678927,0,0,0,0.145915,
2400504-003,3460,0.606358,0,0,0,0.237283,
2400504-004,3907,0.622984,0,0,0,0.210904,
2400504-005,2549,0.567281,0,0,0,0.216163,
2400504-006,2866,0.595255,0,0,0,0.198535,
2400504-007,4459,0.563804,0,0,0,0.241534,
2400504-008,3613,0.505397,0,0,0,0.287019,
2400504-009,1901,0.351394,0,0,0,0.426618,
2400504-010,2072,0.620174,0,0,0,0.194981,
2400504-011,490,0.385714,0,0,0,0.404082,
2400504-012,4590,0.656209,0,0,0,0.150109,
2400504-013,718,0.452646,0,0,0,0.35376,
2400504-014,2901,0.745605,0,0,0,0.0896243,
2400504-015,176,0.653409,0,0,0,0.0965909,
2400505-001,2806,0.318959,0,0,0,0.484319,
2400505-002,736,0.273098,0,0,0,0.528533,
2400506-001,2085,0.300719,0,0,0,0.503597,
2400506-002,2402,0.300167,0,0,0,0.503747,
2400507-001,3054,0.301244,0,0,0,0.507204,
2400507-002,1173,0.307758,0,0,0,0.496164,
2400507-003,2575,0.333981,0,0,0,0.462524,
2400508-001,3016,0.375995,0,0,0,0.440981,
2400508-002,2174,0.380405,0,0,0,0.454922,
2400508-003,1684,0.43943,0,0,0,0.34323,
2400508-004,2465,0.399594,0,0,0,0.389047,
2400508-005,1004,0.432271,0,0,0,0.454183,
2400508-006,4176,0.624042,0,0,0,0.161638,
2400508-007,2307,0.530126,0,0,0,0.230603,
2400508-008,2278,0.438982,0,0,0,0.366989,
2400508-009,3025,0.386777,0,0,0,0.39405,
2400508-010,2491,0.398635,0,0,0,0.410678,
2400508-011,1573,0.457724,0,0,0,0.321678,
2400508-012,2360,0.448305,0,0,0,0.382627,
2400508-013,2588,0.423879,0,0,0,0.369397,
2400508-014,1530,0.433333,0,0,0,0.381046,
2400508-015,1675,0.438806,0,0,0,0.371343,
2400508-016,977,0.505629,0,0,0,0.270215,
2400508-017,1997,0.448172,0,0,0,0.382073,
2400508-018,1002,0.428144,0,0,0,0.394212,
2400508-019,2498,0.381906,0,0,0,0.413131,
2400508-020,1364,0.424487,0,0,0,0.358504,
2400508-021,647,0.293663,0,0,0,0.499227,
2400508-022,2019,0.410599,0,0,0,0.38633,
2400508-023,761,0.471748,0,0,0,0.371879,
2400508-024,1154,0.337088,0,0,0,0.473137,
2400508-025,1737,0.350604,0,0,0,0.404721,
2400508-026,23,0.391304,0,0,0,0.478261,
2400508-027,1530,0.33268,0,0,0,0.451634,
2400508-028,434,0.407834,0,0,0,0.400922,
2400509-001,2828,0.472772,0,0,0,0.341584,
2400509-002,1771,0.401468,0,0,0,0.395257,
2400509-003,3476,0.561277,0,0,0,0.238205,
2400509-004,2005,0.527681,0,0,0,0.278803,
2400509-005,3508,0.489738,0,0,0,0.311574,
2400509-006,1254,0.535885,0,0,0,0.244019,
2400509-007,2191,0.422638,0,0,0,0.368781,
2400509-008,1726,0.414832,0,0,0,0.399768,
2400509-009,1791,0.428811,0,0,0,0.387493,
2400509-010,4818,0.559153,0,0,0,0.24367,
2400509-011,2453,0.585406,0,0,0,0.2234,
2400509-012,1682,0.539834,0,0,0,0.268728,
2400509-013,2464,0.55763,0,0,0,0.270698,
2400509-014,2425,0.664742,0,0,0,0.157113,
2400509-015,2472,0.627023,0,0,0,0.175971,
2400509-016,1032,0.486434,0,0,0,0.285853,
2400509-017,1320,0.602273,0,0,0,0.191667,
2400509-018,2238,0.567024,0,0,0,0.234138,
2400509-019,2267,0.584032,0,0,0,0.225849,
2400509-020,3133,0.827003,0,0,0,0.0536227,
2400509-021,3358,0.471709,0,0,0,0.308815,
2400509-022,3522,0.521863,0,0,0,0.272572,
2400509-023,2901,0.541193,0,0,0,0.272665,
2400509-024,3526,0.488372,0,0,0,0.30346,
2400509-025,2484,0.497987,0,0,0,0.297907,
2400509-026,1385,0.499639,0,0,0,0.293141,
2400509-027,18,0.222222,0,0,0,0.5,
2400509-028,2115,0.722459,0,0,0,0.122459,
2400509-029,294,0.642857,0,0,0,0.119048,
2400510-001,2724,0.317548,0,0,0,0.481645,
2400510-002,1696,0.334316,0,0,0,0.445165,
2400510-003,1495,0.332441,0,0,0,0.49097,
2400510-004,2079,0.304473,0,0,0,0.508418,
2400510-005,338,0.369822,0,0,0,0.443787,
2400510-006,13,0.461538,0,0,0,0.538462,
2400510-007,676,0.346154,0,0,0,0.409763,
2400511-001,1823,0.359298,0,0,0,0.465716,
2400511-002,2806,0.325018,0,0,0,0.503564,
2400511-003,4184,0.279637,0,0,0,0.550191,
2400511-004,2405,0.407484,0,0,0,0.369231,
2400511-005,2550,0.360784,0,0,0,0.432157,
2400511-006,1990,0.376884,0,0,0,0.430653,
2400511-007,4010,0.416708,0,0,0,0.382544,
2400511-008,1998,0.427928,0,0,0,0.38989,
2400511-009,2514,0.502784,0,0,0,0.287192,
2400511-010,3051,0.504753,0,0,0,0.301868,
2400511-011,3399,0.462489,0,0,0,0.314798,
2400511-012,3421,0.443438,0,0,0,0.368898,
2400511-013,1026,0.465887,0,0,0,0.296296,
2400511-014,2694,0.396065,0,0,0,0.41314,
2400511-015,1935,0.52093,0,0,0,0.398966,
2400511-016,1775,0.568451,0,0,0,0.214085,
2400511-017,3302,0.442459,0,0,0,0.351302,
2400511-018,668,0.401198,0,0,0,0.398204,
2400511-019,2669,0.472836,0,0,0,0.30873,
2400511-020,89,0.258427,0,0,0,0.47191,
2400511-021,666,0.487988,0,0,0,0.294294,
2400511-022,3824,0.42181,0,0,0,0.391475,
2400511-023,895,0.387709,0,0,0,0.455866,
2400511-024,366,0.377049,0,0,0,0.445355,
2400511-026,354,0.268362,0,0,0,0.50565,
2400511-027,15,0.333333,0,0,0,0.266667,
2400512-001,2098,0.494757,0,0,0,0.304576,
2400512-002,2489,0.523503,0,0,0,0.261953,
2400512-003,2971,0.481993,0,0,0,0.315045,
2400512-004,3483,0.473155,0,0,0,0.316681,
2400512-005,2655,0.46403,0,0,0,0.303578,
2400512-006,2722,0.515062,0,0,0,0.232917,
2400512-007,3556,0.496625,0,0,0,0.2964,
2400512-008,2203,0.490241,0,0,0,0.299591,
2400512-009,1060,0.533962,0,0,0,0.248113,
2400512-010,2433,0.544595,0,0,0,0.259762,
2400512-011,3159,0.528648,0,0,0,0.263374,
2400512-012,2201,0.460245,0,0,0,0.31304,
2400512-013,1610,0.816149,0,0,0,0.0434783,
2400513-001,2299,0.517616,0,0,0,0.23619,
2400513-002,1712,0.428738,0,0,0,0.332944,
2400513-003,2742,0.412108,0,0,0,0.358862,
2400513-004,2605,0.403839,0,0,0,0.371593,
2400513-005,2861,0.404754,0,0,0,0.36316,
2400513-006,971,0.469619,0,0,0,0.289392,
2400513-007,1937,0.611255,0,0,0,0.186371,
2400513-008,1668,0.409472,0,0,0,0.369904,
2400513-009,3870,0.511886,0,0,0,0.261757,
2400514-001,2100,0.425714,0,0,0,0.358571,
2400514-002,3687,0.525359,0,0,0,0.278817,
2400514-003,3181,0.541025,0,0,0,0.251808,
2400514-004,416,0.509615,0,0,0,0.310096,
2400514-005,804,0.640547,0,0,0,0.15796,
2400514-006,3220,0.504658,0,0,0,0.308385,
2400514-007,2478,0.545601,0,0,0,0.255448,
2400514-008,3416,0.743267,0,0,0,0.115925,
2400514-009,3662,0.679956,0,0,0,0.14746,
2400514-010,2297,0.604266,0,0,0,0.234219,
2400514-011,2405,0.588358,0,0,0,0.226195,
2400514-012,2004,0.451597,0,0,0,0.337325,
2400514-013,2370,0.606751,0,0,0,0.202532,
2400514-014,624,0.613782,0,0,0,0.225962,
2400515-001,1412,0.532578,0,0,0,0.220255,
2400515-002,2572,0.46112,0,0,0,0.323484,
2400515-003,2166,0.414127,0,0,0,0.386427,
2400515-004,3496,0.591819,0,0,0,0.203375,
2400515-005,5983,0.567608,0,0,0,0.241852,
2400515-006,2445,0.361145,0,0,0,0.453579,
2400515-007,3008,0.522939,0,0,0,0.280253,
2400515-008,2693,0.46788,0,0,0,0.340884,
2400515-009,1214,0.385502,0,0,0,0.412685,
2400515-010,2702,0.555885,0,0,0,0.244634,
2400515-011,2842,0.527445,0,0,0,0.262491,
2400515-012,1865,0.446649,0,0,0,0.366756,
2400515-013,1581,0.408602,0,0,0,0.383302,
2400515-014,961,0.421436,0,0,0,0.362123,
2400515-015,2242,0.453613,0,0,0,0.306869,
2400515-016,2305,0.509761,0,0,0,0.288069,
2400515-017,3233,0.680483,0,0,0,0.153727,
2400515-018,2419,0.483671,0,0,0,0.318727,
2400515-019,3381,0.404614,0,0,0,0.408163,
2400515-020,3931,0.474943,0,0,0,0.321292,
2400515-021,3900,0.432564,0,0,0,0.383846,
2400515-022,3217,0.423065,0,0,0,0.382344,
2400515-023,4038,0.743933,0,0,0,0.0908866,
2400515-024,814,0.527027,0,0,0,0.325553,
2400515-025,3065,0.406852,0,0,0,0.38956,
2400515-026,1896,0.325949,0,0,0,0.505802,
2400901-001,2833,0.383339,0,0,0,0.429227,
2400901-002,2684,0.437779,0,0,0,0.357675,
2400901-003,2472,0.341424,0,0,0,0.416262,
2400901-004,2527,0.339137,0,0,0,0.475663,
2400901-005,3092,0.353816,0,0,0,0.390686,
2400901-006,3085,0.347164,0,0,0,0.389951,
2400901-007,2941,0.350901,0,0,0,0.425026,
2400902-001,3165,0.369352,0,0,0,0.435703,
2400902-002,3034,0.409031,0,0,0,0.407713,
2400902-003,2670,0.313483,0,0,0,0.48764,
2400902-004,3374,0.436574,0,0,0,0.368405,
2400902-005,3125,0.31648,0,0,0,0.45408,
2400902-006,2367,0.346853,0,0,0,0.44191,
2400902-007,2292,0.291885,0,0,0,0.506545,
2400902-008,3236,0.35754,0,0,0,0.440049,
2400903-001,2136,0.381086,0,0,0,0.351124,
2400903-002,2601,0.415994,0,0,0,0.370242,
2400903-003,3041,0.382111,0,0,0,0.415653,
2400903-004,2658,0.341234,0,0,0,0.397667,
2400903-005,3126,0.40755,0,0,0,0.399232,
2400903-006,2438,0.321165,0,0,0,0.469237,
2400903-007,3023,0.312934,0,0,0,0.467416,
2400903-008,3336,0.353118,0,0,0,0.388789,
2401101-001,1294,0.285162,0,0,0,0.48068,
2401102-001,3514,0.291975,0,0,0,0.481787,
2401103-001,4682,0.367792,0,0,0,0.431867,
2401104-001,2651,0.314598,0,0,0,0.503584,
2401105-001,2758,0.414793,0,0,0,0.385787,
2401106-001,1505,0.293023,0,0,0,0.52093,
2401107-001,2423,0.353281,0,0,0,0.463062,
2401108-001,1408,0.272727,0,0,0,0.53125,
2401301-001,3625,0.249379,0,0,0,0.549793,
2401301-002,2668,0.255622,0,0,0,0.513868,
2401302-001,1331,0.242675,0,0,0,0.589031,
2401302-002,1669,0.215698,0,0,0,0.591372,
2401303-001,3960,0.229545,0,0,0,0.569949,
2401304-001,6017,0.27173,0,0,0,0.529167,
2401304-002,2438,0.251846,0,0,0,0.555783,
2401304-003,4960,0.252218,0,0,0,0.551815,
2401305-001,3119,0.306188,0,0,0,0.448221,
2401305-002,4885,0.282088,0,0,0,0.493756,
2401305-003,2603,0.278525,0,0,0,0.477526,
2401305-004,7550,0.297483,0,0,0,0.470993,
2401305-005,2562,0.287666,0,0,0,0.447697,
2401305-006,495,0.40202,0,0,0,0.454545,
2401306-001,5655,0.221043,0,0,0,0.57878,
2401306-002,4699,0.228772,0,0,0,0.573526,
2401307-001,1824,0.300987,0,0,0,0.467654,
2401307-002,3271,0.265362,0,0,0,0.519107,
2401307-003,3191,0.362896,0,0,0,0.403635,
2401307-004,6197,0.300468,0,0,0,0.485558,
2401307-005,820,0.353659,0,0,0,0.504878,
2401307-006,2392,0.308946,0,0,0,0.498328,
2401307-007,5413,0.30279,0,0,0,0.462775,
2401307-008,1798,0.246385,0,0,0,0.568409,
2401308-001,4585,0.243621,0,0,0,0.550709,
2401308-002,3384,0.237589,0,0,0,0.554374,
2401308-003,2579,0.265607,0,0,0,0.505622,
2401309-001,3828,0.236938,0,0,0,0.555643,
2401309-002,1888,0.252648,0,0,0,0.537606,
2401310-001,917,0.202835,0,0,0,0.627045,
2401311-001,2683,0.225867,0,0,0,0.55833,
2401312-001,961,0.269511,0,0,0,0.521332,
2401313-001,7531,0.260789,0,0,0,0.517196,
2401314-001,2842,0.271288,0,0,0,0.525334,
2401314-002,5722,0.25166,0,0,0,0.532506,
2401314-003,854,0.223653,0,0,0,0.531616,
2401501-001,3165,0.337757,0,0,0,0.440126,
2401502-001,1919,0.313705,0,0,0,0.442939,
2401502-002,1943,0.327844,0,0,0,0.438497,
2401503-001,4037,0.418875,0,0,0,0.327719,
2401503-002,1583,0.314593,0,0,0,0.457991,
2401503-003,3514,0.407228,0,0,0,0.339215,
2401503-004,618,0.36246,0,0,0,0.42233,
2401503-005,1081,0.437558,0,0,0,0.308973,
2401503-006,2114,0.30369,0,0,0,0.463103,
2401503-007,2306,0.481787,0,0,0,0.296618,
2401504-001,3964,0.317608,0,0,0,0.429112,
2401504-002,1988,0.453219,0,0,0,0.28169,
2401505-001,2384,0.325923,0,0,0,0.416527,
2401505-002,2500,0.3424,0,0,0,0.4276,
2401505-003,4616,0.277296,0,0,0,0.490251,
2401505-004,1894,0.372756,0,0,0,0.354805,
2401505-005,3936,0.298018,0,0,0,0.45122,
2401505-006,701,0.312411,0,0,0,0.459344,
2401506-001,3359,0.262876,0,0,0,0.524263,
2401506-002,2960,0.264189,0,0,0,0.5125,
2401506-003,749,0.226969,0,0,0,0.568758,
2401507-001,3044,0.279238,0,0,0,0.481932,
2401507-002,3282,0.398537,0,0,0,0.388787,
2401507-003,748,0.34492,0,0,0,0.406417,
2401507-004,396,0.282828,0,0,0,0.494949,
2401508-001,2632,0.237462,0,0,0,0.537614,
2401509-001,1928,0.243257,0,0,0,0.570539,
2401509-002,1551,0.279819,0,0,0,0.502257,
2401701-001,3511,0.532042,0,0,0,0.27599,
2401701-002,2740,0.39635,0,0,0,0.427372,
2401701-003,3102,0.453901,0,0,0,0.353643,
2401701-004,2315,0.410367,0,0,0,0.397408,
2401702-001,1507,0.399469,0,0,0,0.402123,
2401703-001,2244,0.496435,0,0,0,0.322638,
2401704-001,2234,0.330797,0,0,0,0.484781,
2401704-002,1813,0.327082,0,0,0,0.483177,
2401705-001,3018,0.408549,0,0,0,0.40391,
2401706-001,2291,0.432999,0,0,0,0.377128,
2401706-002,3980,0.609296,0,0,0,0.230905,
2401706-003,2643,0.717745,0,0,0,0.120696,
2401706-004,3568,0.745235,0,0,0,0.101738,
2401706-005,3840,0.78724,0,0,0,0.0739583,
2401706-006,3172,0.630832,0,0,0,0.19483,
2401706-007,3334,0.720156,0,0,0,0.126875,
2401706-008,1954,0.701126,0,0,0,0.131525,
2401706-009,2497,0.744093,0,0,0,0.104926,
2401706-010,3619,0.757668,0,0,0,0.0920144,
2401706-011,2291,0.706678,0,0,0,0.131384,
2401706-012,1470,0.668707,0,0,0,0.142857,
2401706-013,3720,0.662634,0,0,0,0.166398,
2401706-014,4101,0.677883,0,0,0,0.155328,
2401706-015,2276,0.756151,0,0,0,0.0826011,
2401706-016,1717,0.63774,0,0,0,0.160163,
2401706-017,1616,0.67203,0,0,0,0.159035,
2401706-018,3693,0.782562,0,0,0,0.0668833,
2401706-019,2480,0.587097,0,0,0,0.210887,
2401706-020,1351,0.607698,0,0,0,0.196151,
2401706-021,1662,0.657641,0,0,0,0.145608,
2401706-022,2326,0.766122,0,0,0,0.0928633,
2401707-001,1206,0.429519,0,0,0,0.339967,
2401707-002,2586,0.696056,0,0,0,0.143465,
2401707-003,3292,0.675577,0,0,0,0.164945,
2401707-004,2890,0.740138,0,0,0,0.124221,
2401708-001,3576,0.424217,0,0,0,0.394295,
2401708-002,2260,0.547345,0,0,0,0.273894,
2401708-003,1835,0.586921,0,0,0,0.212534,
2401708-004,4187,0.617387,0,0,0,0.215668,
2401708-005,493,0.399594,0,0,0,0.399594,
2401709-001,2531,0.515606,0,0,0,0.298301,
2401709-002,2398,0.418265,0,0,0,0.378232,
2401710-001,2795,0.566726,0,0,0,0.257603,
2401901-001,1111,0.266427,0,0,0,0.565257,
2401902-001,1169,0.254919,0,0,0,0.582549,
2401902-002,216,0.569444,0,0,0,0.25463,
2401902-003,119,0.218487,0,0,0,0.672269,
2401902-004,207,0.328502,0,0,0,0.52657,
2401903-001,242,0.433884,0,0,0,0.433884,
2401903-002,348,0.577586,0,0,0,0.295977,
2401904-001,158,0.246835,0,0,0,0.632911,
2401905-001,203,0.403941,0,0,0,0.463054,
2401906-001,298,0.379195,0,0,0,0.489933,
2401907-001,794,0.429471,0,0,0,0.392947,
2401907-002,3275,0.767634,0,0,0,0.0974046,
2401907-003,518,0.287645,0,0,0,0.588803,
2401907-004,585,0.57265,0,0,0,0.271795,
2401907-005,221,0.764706,0,0,0,0.0995475,
2401907-006,2226,0.398922,0,0,0,0.440252,
2401907-007,403,0.712159,0,0,0,0.163772,
2401907-008,51,0.509804,0,0,0,0.372549,
2401907-009,1145,0.534498,0,0,0,0.289956,
2401907-010,242,0.623967,0,0,0,0.219008,
2401907-011,46,0.282609,0,0,0,0.521739,
2401908-001,677,0.319055,0,0,0,0.509601,
2401909-001,488,0.321721,0,0,0,0.555328,
2401910-001,209,0.37799,0,0,0,0.454545,
2401911-001,45,0.222222,0,0,0,0.711111,
2401912-001,301,0.332226,0,0,0,0.448505,
2401912-002,381,0.580052,0,0,0,0.278215,
2401913-001,178,0.252809,0,0,0,0.651685,
2401913-002,134,0.619403,0,0,0,0.246269,
2401914-001,1037,0.323047,0,0,0,0.540984,
2401914-002,68,0.617647,0,0,0,0.323529,
2401914-003,762,0.364829,0,0,0,0.489501,
2401915-001,1654,0.336155,0,0,0,0.486699,
2401915-002,94,0.329787,0,0,0,0.478723,
2401915-003,1163,0.641445,0,0,0,0.199484,
2401916-001,380,0.268421,0,0,0,0.560526,
2401917-001,138,0.311594,0,0,0,0.565217,
2401917-002,28,0.428571,0,0,0,0.357143,
2401918-001,46,0.434783,0,0,0,0.391304,
2402101-001,3035,0.337068,0,0,0,0.435914,
2402101-002,3761,0.455198,0,0,0,0.270939,
2402101-003,1737,0.352907,0,0,0,0.393207,
2402102-001,3148,0.555591,0,0,0,0.204574,
2402102-002,1232,0.524351,0,0,0,0.246753,
2402102-003,3365,0.498068,0,0,0,0.256464,
2402102-004,4405,0.501703,0,0,0,0.224518,
2402102-005,3871,0.521054,0,0,0,0.261431,
2402102-006,2811,0.438278,0,0,0,0.330487,
2402102-007,3535,0.464215,0,0,0,0.279208,
2402102-008,3657,0.484003,0,0,0,0.272081,
2402102-010,4313,0.474843,0,0,0,0.293299,
2402102-011,2698,0.5404,0,0,0,0.224981,
2402102-013,3218,0.538222,0,0,0,0.217526,
2402102-014,1638,0.452991,0,0,0,0.30525,
2402102-015,4293,0.432099,0,0,0,0.335663,
2402102-016,2156,0.516698,0,0,0,0.231447,
2402102-017,2274,0.594107,0,0,0,0.158751,
2402102-018,1757,0.414343,0,0,0,0.319294,
2402103-001,2029,0.309512,0,0,0,0.472154,
2402103-002,3436,0.302386,0,0,0,0.491851,
2402103-003,2280,0.306579,0,0,0,0.439035,
2402104-001,824,0.226942,0,0,0,0.567961,
2402105-001,3438,0.280396,0,0,0,0.490401,
2402106-001,1545,0.222654,0,0,0,0.587702,
2402107-001,2095,0.362768,0,0,0,0.386158,
2402107-002,4588,0.408457,0,0,0,0.288361,
2402107-003,2667,0.327334,0,0,0,0.433071,
2402107-004,2343,0.417414,0,0,0,0.331626,
2402107-005,86,0.290698,0,0,0,0.488372,
2402107-006,5,0.8,0,0,0,0.2,
2402107-007,451,0.361419,0,0,0,0.390244,
2402108-001,1823,0.279759,0,0,0,0.506308,
2402109-001,3209,0.289187,0,0,0,0.450296,
2402109-002,3954,0.307031,0,0,0,0.463581,
2402109-003,596,0.312081,0,0,0,0.449664,
2402109-004,3504,0.28339,0,0,0,0.484018,
2402109-005,1467,0.31152,0,0,0,0.434219,
2402109-006,3324,0.366125,0,0,0,0.397413,
2402109-007,4406,0.322288,0,0,0,0.415343,
2402109-008,1241,0.377115,0,0,0,0.379533,
2402109-009,1116,0.323477,0,0,0,0.418459,
2402110-001,1515,0.208581,0,0,0,0.587459,
2402111-001,2254,0.240018,0,0,0,0.555013,
2402112-001,2874,0.336813,0,0,0,0.400835,
2402112-002,1,1,0,0,0,0,
2402113-001,4161,0.341745,0,0,0,0.415765,
2402113-002,142,0.260563,0,0,0,0.492958,
2402113-003,279,0.34767,0,0,0,0.394265,
2402114-001,3302,0.307692,0,0,0,0.486069,
2402114-002,494,0.275304,0,0,0,0.548583,
2402115-001,2847,0.257815,0,0,0,0.526168,
2402115-002,3260,0.267178,0,0,0,0.515644,
2402116-001,3290,0.276596,0,0,0,0.482675,
2402117-001,1529,0.233486,0,0,0,0.557881,
2402118-001,3405,0.274009,0,0,0,0.48928,
2402118-002,2498,0.230184,0,0,0,0.542834,
2402118-003,1408,0.291193,0,0,0,0.487926,
2402119-001,1337,0.215408,0,0,0,0.572924,
2402120-001,2185,0.276888,0,0,0,0.510297,
2402121-001,1832,0.295852,0,0,0,0.485262,
2402121-002,1839,0.435019,0,0,0,0.332246,
2402121-003,1274,0.367347,0,0,0,0.424647,
2402121-004,2713,0.437523,0,0,0,0.327313,
2402121-007,699,0.340486,0,0,0,0.436338,
2402121-008,21,0.285714,0,0,0,0.47619,
2402122-001,1173,0.318841,0,0,0,0.473998,
2402122-002,2,0.5,0,0,0,0.5,
2402123-001,4830,0.4,0,0,0,0.352174,
2402123-002,64,0.546875,0,0,0,0.359375,
2402124-001,1863,0.366076,0,0,0,0.422974,
2402124-002,923,0.349946,0,0,0,0.414951,
2402124-003,548,0.374088,0,0,0,0.417883,
2402124-004,9,0,0,0,0,0.777778,
2402124-005,1018,0.429273,0,0,0,0.334971,
2402124-006,20,0.2,0,0,0,0.45,
2402125-001,3372,0.375445,0,0,0,0.342527,
2402126-001,3486,0.353414,0,0,0,0.42226,
2402126-002,3109,0.35735,0,0,0,0.401094,
2402301-000,1283,0.249415,0,0,0,0.650818,
2402302-000,1260,0.224603,0,0,0,0.62619,
2402303-001,1659,0.188065,0,0,0,0.661844,
2402303-002,513,0.204678,0,0,0,0.65692,
2402304-000,508,0.216535,0,0,0,0.627953,
2402305-000,1300,0.200769,0,0,0,0.651538,
2402306-000,1513,0.216788,0,0,0,0.617978,
2402307-000,1590,0.225157,0,0,0,0.649057,
2402308-001,509,0.198428,0,0,0,0.693517,
2402308-002,563,0.159858,0,0,0,0.714032,
2402309-000,889,0.232846,0,0,0,0.607424,
2402310-000,1384,0.231936,0,0,0,0.622832,
2402311-000,95,0.168421,0,0,0,0.673684,
2402312-000,577,0.140381,0,0,0,0.717504,
2402313-000,407,0.336609,0,0,0,0.562654,
2402314-001,2096,0.198473,0,0,0,0.664599,
2402314-002,889,0.176603,0,0,0,0.668166,
2402315-000,406,0.224138,0,0,0,0.667488,
2402316-000,2227,0.215986,0,0,0,0.642119,
2402501-001,3301,0.631021,0,0,0,0.169343,
2402501-002,2065,0.384504,0,0,0,0.400969,
2402501-003,1672,0.55622,0,0,0,0.232057,
2402501-004,2639,0.447518,0,0,0,0.335733,
2402501-005,2364,0.538071,0,0,0,0.266074,
2402501-006,3114,0.656069,0,0,0,0.149647,
2402501-007,1824,0.333882,0,0,0,0.451754,
2402501-008,3744,0.332265,0,0,0,0.423878,
2402501-009,2435,0.359343,0,0,0,0.41807,
2402501-010,3693,0.479285,0,0,0,0.312483,
2402501-011,2858,0.341498,0,0,0,0.436669,
2402501-012,2939,0.333106,0,0,0,0.470568,
2402501-013,1579,0.409753,0,0,0,0.345788,
2402501-014,3984,0.310241,0,0,0,0.480171,
2402501-015,2840,0.388028,0,0,0,0.370775,
2402501-016,2937,0.456248,0,0,0,0.308819,
2402501-017,457,0.319475,0,0,0,0.461707,
2402501-018,2018,0.433102,0,0,0,0.353816,
2402501-019,2832,0.598517,0,0,0,0.196328,
2402501-020,3516,0.512799,0,0,0,0.254551,
2402501-021,893,0.338186,0,0,0,0.423292,
2402501-022,244,0.385246,0,0,0,0.377049,
2402501-023,377,0.427056,0,0,0,0.363395,
2402501-024,522,0.450192,0,0,0,0.369732,
2402501-025,26,0.384615,0,0,0,0.346154,
2402501-026,1424,0.412921,0,0,0,0.375702,
2402501-027,1467,0.3197,0,0,0,0.425358,
2402501-041,1794,0.457637,0,0,0,0.3233,
2402501-045,2555,0.371037,0,0,0,0.425049,
2402502-001,676,0.443787,0,0,0,0.319527,
2402502-002,3277,0.305157,0,0,0,0.493744,
2402502-003,1738,0.456272,0,0,0,0.33084,
2402502-004,151,0.344371,0,0,0,0.410596,
2402502-005,207,0.289855,0,0,0,0.415459,
2402502-007,175,0.502857,0,0,0,0.285714,
2402502-010,2755,0.545917,0,0,0,0.230127,
2402502-011,2477,0.429552,0,0,0,0.357287,
2402502-014,2145,0.538462,0,0,0,0.213986,
2402502-015,2247,0.516689,0,0,0,0.257677,
2402502-019,741,0.425101,0,0,0,0.261808,
2402502-020,53,0.226415,0,0,0,0.54717,
2402502-021,105,0.352381,0,0,0,0.4,
2402502-022,65,0.4,0,0,0,0.446154,
2402503-002,2653,0.276291,0,0,0,0.528458,
2402503-003,3728,0.244903,0,0,0,0.579936,
2402503-004,1735,0.243804,0,0,0,0.564265,
2402503-005,3531,0.228547,0,0,0,0.565845,
2402503-006,3075,0.281301,0,0,0,0.530407,
2402503-007,2953,0.285134,0,0,0,0.522181,
2402503-008,3029,0.292506,0,0,0,0.505447,
2402503-009,3342,0.289348,0,0,0,0.511071,
2402503-010,2993,0.373872,0,0,0,0.417307,
2402503-011,1916,0.308455,0,0,0,0.480167,
2402503-012,2224,0.328237,0,0,0,0.4375,
2402503-013,3094,0.288623,0,0,0,0.507434,
2402503-014,2410,0.314938,0,0,0,0.479668,
2402503-015,2360,0.299576,0,0,0,0.476271,
2402503-016,2369,0.327564,0,0,0,0.484593,
2402503-017,2465,0.307911,0,0,0,0.494118,
2402503-018,2262,0.337754,0,0,0,0.414235,
2402503-019,2722,0.270757,0,0,0,0.517267,
2402503-020,2480,0.265726,0,0,0,0.535081,
2402503-021,2993,0.288339,0,0,0,0.48012,
2402503-022,3243,0.259328,0,0,0,0.522973,
2402503-023,2959,0.332545,0,0,0,0.471105,
2402503-024,2426,0.274938,0,0,0,0.525969,
2402503-026,751,0.238349,0,0,0,0.591212,
2402503-027,349,0.30659,0,0,0,0.498567,
2402504-001,1813,0.262548,0,0,0,0.555433,
2402504-002,2655,0.249718,0,0,0,0.567608,
2402504-003,2683,0.22363,0,0,0,0.580321,
2402504-004,2705,0.240296,0,0,0,0.577449,
2402504-005,3392,0.264741,0,0,0,0.558078,
2402504-006,2055,0.246715,0,0,0,0.558151,
2402504-007,1397,0.256263,0,0,0,0.572656,
2402505-001,2508,0.261962,0,0,0,0.553429,
2402505-002,2309,0.236899,0,0,0,0.576873,
2402505-003,2612,0.230475,0,0,0,0.588821,
2402505-004,1567,0.28462,0,0,0,0.51053,
2402506-001,2005,0.466334,0,0,0,0.281297,
2402506-002,2275,0.38989,0,0,0,0.38022,
2402506-003,2058,0.449466,0,0,0,0.311467,
2402506-004,175,0.371429,0,0,0,0.434286,
2402506-005,373,0.552279,0,0,0,0.201072,
2402506-006,4266,0.383263,0,0,0,0.375527,
2402506-007,374,0.328877,0,0,0,0.419786,
2402701-001,2432,0.466283,0,0,0,0.311678,
2402701-002,580,0.396552,0,0,0,0.374138,
2402701-003,1930,0.473575,0,0,0,0.248705,
2402701-004,3058,0.413342,0,0,0,0.347286,
2402701-005,687,0.403202,0,0,0,0.334789,
2402701-006,1808,0.496681,0,0,0,0.23396,
2402701-007,797,0.450439,0,0,0,0.254705,
2402701-008,1913,0.493988,0,0,0,0.263983,
2402701-009,1698,0.469965,0,0,0,0.247939,
2402701-010,1529,0.516024,0,0,0,0.248528,
2402701-011,920,0.425,0,0,0,0.290217,
2402701-012,872,0.438073,0,0,0,0.317661,
2402701-013,1403,0.451176,0,0,0,0.323592,
2402701-014,1800,0.443889,0,0,0,0.335,
2402701-015,3607,0.58636,0,0,0,0.148877,
2402701-016,691,0.40521,0,0,0,0.290883,
2402701-017,728,0.635989,0,0,0,0.174451,
2402701-018,378,0.415344,0,0,0,0.304233,
2402701-019,63,0.333333,0,0,0,0.333333,
2402701-020,586,0.363481,0,0,0,0.40785,
2402701-021,1870,0.573262,0,0,0,0.170053,
2402702-001,2211,0.51877,0,0,0,0.217096,
2402702-002,3115,0.430177,0,0,0,0.282504,
2402702-003,2762,0.454381,0,0,0,0.299059,
2402702-004,1806,0.557032,0,0,0,0.206534,
2402702-005,1525,0.442623,0,0,0,0.290492,
2402702-006,1564,0.466752,0,0,0,0.283887,
2402702-007,1879,0.387972,0,0,0,0.385311,
2402702-008,2361,0.438797,0,0,0,0.315968,
2402702-009,2712,0.560472,0,0,0,0.189897,
2402702-010,1419,0.485553,0,0,0,0.264975,
2402702-011,2376,0.420034,0,0,0,0.339646,
2402702-012,2795,0.47585,0,0,0,0.314132,
2402702-013,929,0.546825,0,0,0,0.229279,
2402702-014,1006,0.565606,0,0,0,0.195825,
2402702-015,2164,0.445933,0,0,0,0.304529,
2402702-016,2554,0.475333,0,0,0,0.277604,
2402702-017,506,0.476285,0,0,0,0.235178,
2402702-018,2181,0.415406,0,0,0,0.342962,
2402702-019,1607,0.39888,0,0,0,0.35781,
2402702-020,968,0.540289,0,0,0,0.228306,
2402702-021,350,0.477143,0,0,0,0.302857,
2402702-022,53,0.54717,0,0,0,0.264151,
2402702-023,1421,0.59817,0,0,0,0.178044,
2402702-024,1407,0.410092,0,0,0,0.357498,
2402702-025,1524,0.437664,0,0,0,0.324147,
2402702-026,1737,0.449626,0,0,0,0.270581,
2402703-001,1743,0.380952,0,0,0,0.391853,
2402703-002,3286,0.362751,0,0,0,0.418746,
2402703-003,2391,0.400669,0,0,0,0.373484,
2402703-004,296,0.331081,0,0,0,0.432432,
2402703-005,4089,0.400831,0,0,0,0.347518,
2402703-006,1935,0.347804,0,0,0,0.413953,
2402704-001,1478,0.288904,0,0,0,0.487821,
2402704-002,1778,0.326209,0,0,0,0.453318,
2402704-003,1948,0.270021,0,0,0,0.524641,
2402704-004,2438,0.289582,0,0,0,0.495898,
2402704-005,1614,0.263321,0,0,0,0.536555,
2402704-006,2365,0.29852,0,0,0,0.474419,
2402705-001,3401,0.398412,0,0,0,0.334607,
2402705-002,849,0.630153,0,0,0,0.201413,
2402705-003,2707,0.668637,0,0,0,0.133358,
2402705-004,2976,0.658266,0,0,0,0.138441,
2402705-005,2875,0.466783,0,0,0,0.280348,
2402705-006,4105,0.443849,0,0,0,0.290621,
2402705-007,1670,0.622156,0,0,0,0.132335,
2402705-008,1905,0.673491,0,0,0,0.113386,
2402705-009,1997,0.650476,0,0,0,0.135704,
2402705-010,2926,0.45933,0,0,0,0.226931,
2402705-011,1401,0.384011,0,0,0,0.367595,
2402705-012,1809,0.615257,0,0,0,0.17026,
2402705-013,1071,0.569561,0,0,0,0.222222,
2402705-014,898,0.536748,0,0,0,0.243875,
2402705-015,2503,0.603676,0,0,0,0.169796,
2402705-016,1876,0.566631,0,0,0,0.178038,
2402705-017,1620,0.568519,0,0,0,0.214815,
2402705-018,1357,0.629329,0,0,0,0.141489,
2402705-019,2595,0.36262,0,0,0,0.37842,
2402705-020,1940,0.389175,0,0,0,0.352577,
2402705-021,2105,0.63943,0,0,0,0.146318,
2402705-022,3329,0.494443,0,0,0,0.221989,
2402705-023,1537,0.601171,0,0,0,0.173064,
2402705-024,1070,0.401869,0,0,0,0.325234,
2402706-001,1762,0.518161,0,0,0,0.231555,
2402706-002,2822,0.637845,0,0,0,0.148831,
2402706-003,1333,0.471118,0,0,0,0.312828,
2402706-004,2126,0.507996,0,0,0,0.279398,
2402706-005,1449,0.597654,0,0,0,0.172533,
2402706-006,1187,0.58888,0,0,0,0.191238,
2402706-007,1546,0.57762,0,0,0,0.209573,
2402706-008,1454,0.65337,0,0,0,0.121045,
2402706-009,1801,0.655747,0,0,0,0.118823,
2402706-010,1674,0.583632,0,0,0,0.193548,
2402706-011,1747,0.591299,0,0,0,0.172295,
2402706-012,779,0.593068,0,0,0,0.174583,
2402706-013,1475,0.539661,0,0,0,0.221017,
2402706-014,1560,0.628846,0,0,0,0.142949,
2402706-015,1780,0.613483,0,0,0,0.161798,
2402706-016,2358,0.629347,0,0,0,0.15352,
2402706-017,2273,0.671799,0,0,0,0.110427,
2402706-018,1537,0.550423,0,0,0,0.235524,
2402706-019,2281,0.6484,0,0,0,0.124507,
2402706-020,1935,0.582429,0,0,0,0.175711,
2402706-021,1279,0.65129,0,0,0,0.11337,
2402706-022,1617,0.61039,0,0,0,0.164502,
2402706-023,827,0.512696,0,0,0,0.25393,
2402706-024,2115,0.573522,0,0,0,0.172577,
2402706-025,829,0.431846,0,0,0,0.316043,
2402706-026,2393,0.615545,0,0,0,0.172587,
2402706-027,2034,0.558505,0,0,0,0.17355,
2402706-028,2847,0.446786,0,0,0,0.304882,
2402706-029,4069,0.567461,0,0,0,0.182109,
2402706-030,1286,0.614308,0,0,0,0.152411,
2402706-031,1371,0.646244,0,0,0,0.13202,
2402706-032,1688,0.393365,0,0,0,0.351303,
2402706-033,1928,0.542012,0,0,0,0.219398,
2402706-034,1882,0.658874,0,0,0,0.126461,
2402706-035,3663,0.561289,0,0,0,0.179907,
2402901-001,1030,0.38932,0,0,0,0.414563,
2402901-002,1427,0.367905,0,0,0,0.428171,
2402902-001,1245,0.367068,0,0,0,0.441767,
2402903-001,1460,0.440411,0,0,0,0.380822,
2402903-002,519,0.495183,0,0,0,0.342967,
2402904-001,2007,0.534629,0,0,0,0.298455,
2402904-002,1409,0.574876,0,0,0,0.273953,
2402905-001,1824,0.435855,0,0,0,0.384868,
2402906-001,1213,0.464138,0,0,0,0.371805,
2402907-001,985,0.527919,0,0,0,0.330964,
2403101-001,2198,0.377161,0,0,0,0.380801,
2403101-002,2425,0.413608,0,0,0,0.360412,
2403101-003,3913,0.574751,0,0,0,0.186558,
2403101-004,2037,0.571919,0,0,0,0.18704,
2403101-005,2953,0.45276,0,0,0,0.308161,
2403101-006,1788,0.500559,0,0,0,0.246644,
2403101-007,449,0.418708,0,0,0,0.365256,
2403102-001,4817,0.544945,0,0,0,0.182064,
2403102-002,4014,0.578724,0,0,0,0.163179,
2403102-003,3457,0.619034,0,0,0,0.132485,
2403102-004,4542,0.588507,0,0,0,0.154337,
2403102-005,3470,0.563977,0,0,0,0.190778,
2403102-006,4725,0.526772,0,0,0,0.180952,
2403102-007,94,0.414894,0,0,0,0.340426,
2403102-008,4057,0.497658,0,0,0,0.227508,
2403102-009,540,0.444444,0,0,0,0.372222,
2403102-010,1499,0.541027,0,0,0,0.176117,
2403102-011,3672,0.515795,0,0,0,0.204521,
2403103-001,2865,0.404188,0,0,0,0.328098,
2403103-002,2312,0.399654,0,0,0,0.356401,
2403104-001,3692,0.624052,0,0,0,0.141387,
2403104-002,3259,0.585149,0,0,0,0.159558,
2403104-003,4394,0.59035,0,0,0,0.161356,
2403104-004,2142,0.592437,0,0,0,0.153128,
2403104-005,2894,0.581202,0,0,0,0.158604,
2403104-006,2324,0.580034,0,0,0,0.19191,
2403104-007,2421,0.576621,0,0,0,0.163569,
2403104-008,4247,0.627031,0,0,0,0.131622,
2403104-009,1564,0.60422,0,0,0,0.149616,
2403104-010,2674,0.560583,0,0,0,0.186612,
2403104-011,799,0.56821,0,0,0,0.222778,
2403104-012,3460,0.555491,0,0,0,0.185838,
2403104-013,2200,0.587273,0,0,0,0.198182,
2403104-014,3587,0.572623,0,0,0,0.156119,
2403104-015,1621,0.578655,0,0,0,0.132634,
2403104-016,4155,0.544886,0,0,0,0.179302,
2403104-017,2916,0.620713,0,0,0,0.137174,
2403104-018,2998,0.563376,0,0,0,0.197465,
2403104-019,1917,0.519562,0,0,0,0.187793,
2403104-020,3993,0.526171,0,0,0,0.212873,
2403104-021,2678,0.59298,0,0,0,0.166542,
2403104-023,267,0.468165,0,0,0,0.243446,
2403104-024,2658,0.530474,0,0,0,0.173062,
2403104-025,1749,0.581475,0,0,0,0.184105,
2403104-026,2117,0.58479,0,0,0,0.170997,
2403104-027,509,0.638507,0,0,0,0.102161,
2403104-028,1353,0.65558,0,0,0,0.117517,
2403104-029,1362,0.487518,0,0,0,0.173275,
2403104-030,2728,0.615103,0,0,0,0.123534,
2403104-031,2864,0.606145,0,0,0,0.137919,
2403104-032,1366,0.551977,0,0,0,0.207174,
2403104-033,252,0.603175,0,0,0,0.107143,
2403104-034,1843,0.528486,0,0,0,0.252306,
2403104-035,395,0.549367,0,0,0,0.174684,
2403104-036,0,0,0,0,0,0,
2403104-037,247,0.663968,0,0,0,0.0769231,
2403104-038,86,0.534884,0,0,0,0.104651,
2403104-040,152,0.631579,0,0,0,0.111842,
2403104-042,7,0.428571,0,0,0,0.142857,
2403104-043,23,0.608696,0,0,0,0.217391,
2403105-001,3606,0.621464,0,0,0,0.170826,
2403105-002,3127,0.726255,0,0,0,0.0767509,
2403105-003,4072,0.689096,0,0,0,0.116896,
2403105-004,1786,0.699328,0,0,0,0.159574,
2403105-005,2511,0.653126,0,0,0,0.129032,
2403105-006,3912,0.65593,0,0,0,0.129346,
2403105-008,3140,0.675159,0,0,0,0.125478,
2403105-009,3901,0.622148,0,0,0,0.177134,
2403105-010,2331,0.707422,0,0,0,0.0960961,
2403105-011,2525,0.670495,0,0,0,0.133861,
2403105-012,4810,0.661954,0,0,0,0.125364,
2403105-013,3967,0.75271,0,0,0,0.0557096,
2403105-014,1849,0.665224,0,0,0,0.102758,
2403105-015,3549,0.554804,0,0,0,0.21978,
2403105-016,3265,0.63124,0,0,0,0.165391,
2403105-017,3635,0.660248,0,0,0,0.145805,
2403105-018,1795,0.483565,0,0,0,0.275766,
2403105-019,3382,0.561502,0,0,0,0.223536,
2403105-021,3620,0.751105,0,0,0,0.061326,
2403105-022,1584,0.609848,0,0,0,0.178662,
2403105-023,4829,0.705529,0,0,0,0.0962932,
2403106-001,2216,0.43231,0,0,0,0.32852,
2403106-002,3655,0.449248,0,0,0,0.245691,
2403106-003,2446,0.494685,0,0,0,0.238757,
2403106-004,2282,0.563541,0,0,0,0.166082,
2403106-005,3737,0.503077,0,0,0,0.245116,
2403106-006,2950,0.518305,0,0,0,0.165763,
2403106-007,4070,0.508108,0,0,0,0.201966,
2403106-008,1981,0.548208,0,0,0,0.156487,
2403106-009,2966,0.4029,0,0,0,0.330411,
2403106-010,3152,0.620876,0,0,0,0.139594,
2403106-011,69,0.507246,0,0,0,0.304348,
2403106-013,1917,0.543036,0,0,0,0.2024,
2403106-014,1370,0.49562,0,0,0,0.162044,
2403106-015,4129,0.523371,0,0,0,0.182853,
2403107-001,1654,0.632406,0,0,0,0.131802,
2403107-002,2180,0.618349,0,0,0,0.194954,
2403107-003,3043,0.629642,0,0,0,0.158068,
2403107-004,4474,0.633885,0,0,0,0.142825,
2403107-005,2243,0.657156,0,0,0,0.144004,
2403107-006,2447,0.662852,0,0,0,0.13772,
2403107-007,2019,0.641407,0,0,0,0.138187,
2403107-008,3573,0.615449,0,0,0,0.128463,
2403107-009,2604,0.61828,0,0,0,0.15361,
2403107-010,3007,0.620552,0,0,0,0.153642,
2403107-011,3333,0.669067,0,0,0,0.111311,
2403107-012,2800,0.647143,0,0,0,0.133214,
2403107-013,3224,0.569169,0,0,0,0.209367,
2403107-015,3641,0.574018,0,0,0,0.196924,
2403107-016,2103,0.616262,0,0,0,0.170709,
2403107-018,2606,0.671144,0,0,0,0.129701,
2403107-019,4162,0.604998,0,0,0,0.161461,
2403107-020,2370,0.563713,0,0,0,0.190295,
2403107-021,1264,0.620253,0,0,0,0.200158,
2403107-022,2268,0.647266,0,0,0,0.133598,
2403107-023,4236,0.585222,0,0,0,0.193815,
2403107-024,2554,0.588097,0,0,0,0.209475,
2403107-025,2526,0.580364,0,0,0,0.167458,
2403107-026,3747,0.650921,0,0,0,0.12143,
2403107-027,1815,0.561983,0,0,0,0.202755,
2403107-028,1932,0.565217,0,0,0,0.183747,
2403107-031,990,0.616162,0,0,0,0.143434,
2403107-032,1391,0.553559,0,0,0,0.258807,
2403108-001,3635,0.540578,0,0,0,0.242091,
2403108-002,4074,0.526755,0,0,0,0.269023,
2403108-003,2871,0.491815,0,0,0,0.272727,
2403108-004,1441,0.449688,0,0,0,0.301874,
2403108-005,2700,0.446296,0,0,0,0.34,
2403108-006,4146,0.485769,0,0,0,0.291606,
2403108-007,3774,0.487811,0,0,0,0.293588,
2403108-008,3261,0.466728,0,0,0,0.273536,
2403108-009,3395,0.538144,0,0,0,0.253314,
2403108-010,2022,0.581602,0,0,0,0.188922,
2403108-011,2738,0.561724,0,0,0,0.206355,
2403108-012,2905,0.485714,0,0,0,0.265404,
2403108-014,28,0.678571,0,0,0,0.107143,
2403108-015,363,0.526171,0,0,0,0.187328,
2403109-001,3903,0.619267,0,0,0,0.1299,
2403109-002,4450,0.604944,0,0,0,0.153258,
2403109-003,2158,0.586191,0,0,0,0.141798,
2403109-004,2711,0.580229,0,0,0,0.184803,
2403109-005,2736,0.592105,0,0,0,0.180556,
2403109-006,3348,0.552569,0,0,0,0.164875,
2403109-007,3335,0.653673,0,0,0,0.103448,
2403109-008,3744,0.63141,0,0,0,0.129808,
2403109-009,4067,0.63167,0,0,0,0.13253,
2403109-010,800,0.5425,0,0,0,0.1675,
2403109-011,2575,0.572427,0,0,0,0.179417,
2403109-012,2799,0.593426,0,0,0,0.182208,
2403109-013,3301,0.518934,0,0,0,0.181763,
2403109-014,2537,0.546709,0,0,0,0.192353,
2403109-015,2847,0.630488,0,0,0,0.129961,
2403109-016,2354,0.642311,0,0,0,0.115548,
2403109-018,2688,0.608259,0,0,0,0.133557,
2403109-020,2200,0.585455,0,0,0,0.184545,
2403109-021,2444,0.517185,0,0,0,0.223813,
2403109-022,3466,0.603866,0,0,0,0.15955,
2403109-024,2088,0.567529,0,0,0,0.149904,
2403109-025,2286,0.538933,0,0,0,0.192913,
2403109-026,2833,0.636075,0,0,0,0.122838,
2403109-027,3780,0.511111,0,0,0,0.231217,
2403109-028,1147,0.571927,0,0,0,0.305144,
2403109-029,2509,0.60542,0,0,0,0.153846,
2403109-030,2792,0.570559,0,0,0,0.159384,
2403109-031,3370,0.588131,0,0,0,0.160237,
2403109-032,590,0.657627,0,0,0,0.110169,
2403109-033,2311,0.546517,0,0,0,0.173518,
2403109-034,3117,0.628489,0,0,0,0.128329,
2403109-035,4309,0.515665,0,0,0,0.210722,
2403109-036,2328,0.559278,0,0,0,0.169244,
2403109-037,2059,0.600291,0,0,0,0.165129,
2403109-038,455,0.661538,0,0,0,0.123077,
2403109-039,29,0.551724,0,0,0,0.103448,
2403109-040,2480,0.53629,0,0,0,0.159274,
2403109-041,2118,0.597734,0,0,0,0.135505,
2403110-001,1666,0.452581,0,0,0,0.305522,
2403110-002,2711,0.415345,0,0,0,0.330136,
2403110-003,2415,0.51677,0,0,0,0.24058,
2403110-004,1567,0.52074,0,0,0,0.191449,
2403110-005,2452,0.526509,0,0,0,0.213703,
2403110-006,2395,0.569937,0,0,0,0.187474,
2403110-007,2886,0.504158,0,0,0,0.248441,
2403110-009,2809,0.432538,0,0,0,0.301887,
2403110-010,2964,0.496964,0,0,0,0.261134,
2403110-011,1916,0.58977,0,0,0,0.153445,
2403110-012,2902,0.562715,0,0,0,0.177464,
2403110-013,1769,0.545506,0,0,0,0.17524,
2403111-000,1803,0.449251,0,0,0,0.331115,
2403112-001,2336,0.339041,0,0,0,0.407534,
2403112-002,2633,0.348272,0,0,0,0.414356,
2403112-003,3810,0.389501,0,0,0,0.384514,
2403112-004,2449,0.382605,0,0,0,0.370764,
2403112-005,3152,0.457487,0,0,0,0.286802,
2403113-001,2414,0.615576,0,0,0,0.154101,
2403113-002,5508,0.64252,0,0,0,0.124909,
2403113-003,2306,0.647441,0,0,0,0.162186,
2403113-004,3309,0.798429,0,0,0,0.0432155,
2403113-005,3915,0.732312,0,0,0,0.0664112,
2403113-006,2516,0.841415,0,0,0,0.0278219,
2403113-007,2626,0.733054,0,0,0,0.0936786,
2403113-008,2576,0.759317,0,0,0,0.0632764,
2403113-010,2046,0.731672,0,0,0,0.0571848,
2403113-011,3188,0.68005,0,0,0,0.119197,
2403113-013,2809,0.738341,0,0,0,0.0626557,
2403113-014,2841,0.734249,0,0,0,0.101725,
2403113-015,4340,0.717512,0,0,0,0.0912442,
2403113-016,2262,0.763484,0,0,0,0.0649867,
2403113-018,2262,0.741821,0,0,0,0.0862069,
2403113-019,2260,0.673894,0,0,0,0.128761,
2403113-020,2272,0.550616,0,0,0,0.242958,
2403113-021,3789,0.783848,0,0,0,0.0398522,
2403113-022,3108,0.7426,0,0,0,0.0550193,
2403113-023,2628,0.638128,0,0,0,0.16895,
2403113-024,2275,0.684835,0,0,0,0.122198,
2403113-025,3417,0.649693,0,0,0,0.117354,
2403113-027,2779,0.655272,0,0,0,0.123786,
2403113-028,1826,0.661008,0,0,0,0.129792,
2403113-029,2951,0.668248,0,0,0,0.112165,
2403113-030,2877,0.679875,0,0,0,0.108794,
2403113-031,1735,0.683573,0,0,0,0.112392,
2403113-032,3601,0.700361,0,0,0,0.0869203,
2403113-033,2057,0.636364,0,0,0,0.160428,
2403113-034,2243,0.639322,0,0,0,0.164512,
2403113-035,2608,0.648773,0,0,0,0.139954,
2403113-036,2586,0.644238,0,0,0,0.123743,
2403113-037,1868,0.602784,0,0,0,0.173983,
2403113-038,4366,0.535731,0,0,0,0.254237,
2403113-039,2267,0.699603,0,0,0,0.0943979,
2403113-040,2275,0.601319,0,0,0,0.165714,
2403113-042,1437,0.674322,0,0,0,0.109255,
2403113-043,2173,0.596871,0,0,0,0.162908,
2403113-044,3184,0.666771,0,0,0,0.120289,
2403113-045,1670,0.6,0,0,0,0.167066,
2403113-046,2191,0.513464,0,0,0,0.25696,
2403113-047,4157,0.735146,0,0,0,0.0567717,
2403113-049,1752,0.707192,0,0,0,0.111301,
2403113-050,2212,0.786618,0,0,0,0.0637432,
2403113-051,3001,0.577807,0,0,0,0.180273,
2403113-052,2182,0.569661,0,0,0,0.216315,
2403113-053,1731,0.633738,0,0,0,0.152513,
2403113-054,2574,0.629371,0,0,0,0.216006,
2403113-055,1723,0.751016,0,0,0,0.0690656,
2403113-056,3390,0.658407,0,0,0,0.134218,
2403113-057,1133,0.661077,0,0,0,0.13504,
2403113-058,3751,0.672087,0,0,0,0.121301,
2403113-059,1753,0.640046,0,0,0,0.131204,
2403113-060,50,0.26,0,0,0,0.24,
2403113-061,5217,0.643857,0,0,0,0.143377,
2403113-063,1149,0.624891,0,0,0,0.137511,
2403113-064,3009,0.732137,0,0,0,0.0648056,
2403113-065,1748,0.71167,0,0,0,0.0606407,
2403113-067,1689,0.808763,0,0,0,0.0313795,
2403113-068,2094,0.758835,0,0,0,0.056829,
2403113-069,2374,0.652485,0,0,0,0.203454,
2403113-070,193,0.595855,0,0,0,0.129534,
2403113-071,2038,0.649657,0,0,0,0.230128,
2403301-001,3660,0.665847,0,0,0,0.134973,
2403301-002,1510,0.603974,0,0,0,0.150331,
2403301-003,2977,0.760497,0,0,0,0.0665099,
2403301-004,2410,0.613278,0,0,0,0.172199,
2403301-005,2481,0.611044,0,0,0,0.173317,
2403301-006,1581,0.749526,0,0,0,0.0759013,
2403301-007,1523,0.683519,0,0,0,0.209455,
2403301-008,685,0.656934,0,0,0,0.115328,
2403302-001,1638,0.826618,0,0,0,0.0409035,
2403302-002,1387,0.759913,0,0,0,0.0591204,
2403302-003,2485,0.772636,0,0,0,0.0796781,
2403302-004,1534,0.767927,0,0,0,0.0684485,
2403302-005,1498,0.730307,0,0,0,0.0974633,
2403302-006,2913,0.801922,0,0,0,0.053553,
2403302-007,1932,0.714286,0,0,0,0.128882,
2403302-008,3710,0.819677,0,0,0,0.0477089,
2403302-009,2981,0.819188,0,0,0,0.0436095,
2403302-010,2035,0.797052,0,0,0,0.0579853,
2403303-001,1216,0.708882,0,0,0,0.152138,
2403303-002,3190,0.829467,0,0,0,0.0586207,
2403303-003,4915,0.826857,0,0,0,0.0472024,
2403303-004,2609,0.856267,0,0,0,0.0406286,
2403303-005,2610,0.844061,0,0,0,0.0367816,
2403303-006,3194,0.863807,0,0,0,0.0247339,
2403303-007,561,0.853832,0,0,0,0.030303,
2403303-008,297,0.494949,0,0,0,0.272727,
2403304-001,1911,0.552067,0,0,0,0.276818,
2403305-001,4720,0.772034,0,0,0,0.0832627,
2403305-002,2002,0.819181,0,0,0,0.0509491,
2403305-003,2621,0.835559,0,0,0,0.0518886,
2403305-004,3249,0.855648,0,0,0,0.043398,
2403305-005,3649,0.791724,0,0,0,0.0712524,
2403305-006,3203,0.820169,0,0,0,0.0605682,
2403305-007,3451,0.79745,0,0,0,0.0820052,
2403305-008,2162,0.666512,0,0,0,0.159574,
2403305-009,573,0.804538,0,0,0,0.061082,
2403305-010,1181,0.746825,0,0,0,0.104149,
2403305-011,2142,0.8338,0,0,0,0.0485528,
2403305-012,3154,0.802156,0,0,0,0.0649968,
2403306-001,3578,0.861655,0,0,0,0.0349357,
2403306-002,1240,0.828226,0,0,0,0.0596774,
2403306-003,3939,0.860625,0,0,0,0.0264026,
2403306-004,3200,0.864688,0,0,0,0.0271875,
2403306-005,2031,0.870015,0,0,0,0.0300345,
2403306-006,3013,0.854962,0,0,0,0.0308662,
2403306-007,3256,0.842445,0,0,0,0.0288698,
2403306-008,1994,0.87011,0,0,0,0.0280843,
2403306-009,2254,0.868678,0,0,0,0.0292813,
2403306-010,2925,0.868376,0,0,0,0.0300855,
2403306-011,2443,0.876791,0,0,0,0.0278346,
2403306-012,1983,0.871911,0,0,0,0.02471,
2403306-013,2530,0.820949,0,0,0,0.0612648,
2403306-014,433,0.86836,0,0,0,0.0461894,
2403306-015,3126,0.881638,0,0,0,0.0236724,
2403306-016,3246,0.860752,0,0,0,0.0323475,
2403306-017,3698,0.869118,0,0,0,0.0267712,
2403306-018,2205,0.827664,0,0,0,0.0530612,
2403306-019,2413,0.877331,0,0,0,0.0248653,
2403306-020,3106,0.888281,0,0,0,0.022537,
2403306-021,545,0.869725,0,0,0,0.0220183,
2403306-022,3936,0.877795,0,0,0,0.0276931,
2403306-023,1758,0.862344,0,0,0,0.0369738,
2403306-024,895,0.867039,0,0,0,0.0212291,
2403306-025,357,0.907563,0,0,0,0.0140056,
2403306-026,1592,0.879397,0,0,0,0.0194724,
2403306-027,1274,0.783359,0,0,0,0.0659341,
2403306-028,841,0.826397,0,0,0,0.0606421,
2403306-029,812,0.884236,0,0,0,0.0258621,
2403307-001,932,0.812232,0,0,0,0.0536481,
2403307-002,1491,0.525822,0,0,0,0.256204,
2403307-003,1902,0.553628,0,0,0,0.247108,
2403307-004,2009,0.523644,0,0,0,0.267297,
2403307-005,2436,0.588259,0,0,0,0.219622,
2403307-006,2296,0.720819,0,0,0,0.127178,
2403307-007,3026,0.707535,0,0,0,0.116325,
2403307-008,2139,0.723235,0,0,0,0.0986442,
2403307-009,4064,0.826772,0,0,0,0.0504429,
2403307-010,3827,0.784165,0,0,0,0.0776065,
2403307-011,4241,0.882339,0,0,0,0.0271162,
2403307-012,2674,0.875841,0,0,0,0.0186986,
2403307-013,2457,0.842898,0,0,0,0.041107,
2403307-014,1735,0.673775,0,0,0,0.155043,
2403307-015,1869,0.865169,0,0,0,0.0283574,
2403307-016,1598,0.67209,0,0,0,0.148936,
2403307-017,1474,0.789009,0,0,0,0.0705563,
2403307-018,484,0.752066,0,0,0,0.0785124,
2403307-019,219,0.739726,0,0,0,0.086758,
2403307-020,383,0.650131,0,0,0,0.159269,
2403307-021,674,0.571217,0,0,0,0.194362,
2403307-022,4584,0.788831,0,0,0,0.0591187,
2403307-023,1781,0.854576,0,0,0,0.0280741,
2403307-024,549,0.695811,0,0,0,0.125683,
2403308-001,1512,0.577381,0,0,0,0.248677,
2403309-001,3860,0.853368,0,0,0,0.0463731,
2403309-002,1212,0.855611,0,0,0,0.0429043,
2403309-003,540,0.490741,0,0,0,0.190741,
2403309-004,2240,0.834375,0,0,0,0.0638393,
2403309-005,2928,0.836407,0,0,0,0.0358607,
2403309-006,3463,0.852729,0,0,0,0.0424487,
2403309-007,3742,0.87039,0,0,0,0.04062,
2403309-008,5279,0.859254,0,0,0,0.0430006,
2403309-009,1484,0.761456,0,0,0,0.101752,
2403309-010,2425,0.816495,0,0,0,0.0635052,
2403309-011,3968,0.801915,0,0,0,0.0607359,
2403309-012,210,0.838095,0,0,0,0.047619,
2403309-013,2481,0.857719,0,0,0,0.0390971,
2403309-014,0,0,0,0,0,0,
2403309-015,2,1,0,0,0,0,
2403310-001,1538,0.739922,0,0,0,0.0825748,
2403310-002,3769,0.68692,0,0,0,0.109313,
2403310-003,1924,0.634615,0,0,0,0.156965,
2403310-004,2702,0.761658,0,0,0,0.07698,
2403310-005,3496,0.53833,0,0,0,0.243993,
2403310-006,4112,0.727626,0,0,0,0.0902237,
2403310-007,1970,0.717259,0,0,0,0.106091,
2403310-008,1811,0.679735,0,0,0,0.126449,
2403310-009,2629,0.736021,0,0,0,0.083682,
2403310-010,1738,0.705409,0,0,0,0.102417,
2403310-011,2272,0.734155,0,0,0,0.0990317,
2403310-012,4914,0.71571,0,0,0,0.0913716,
2403310-013,4728,0.718909,0,0,0,0.107022,
2403310-014,954,0.840671,0,0,0,0.0293501,
2403311-001,3110,0.759164,0,0,0,0.0993569,
2403311-002,3064,0.798956,0,0,0,0.0786554,
2403311-003,3548,0.822999,0,0,0,0.057779,
2403311-004,5075,0.782463,0,0,0,0.0833498,
2403311-005,491,0.784114,0,0,0,0.0835031,
2403312-001,1810,0.78011,0,0,0,0.0928177,
2403312-002,1777,0.826111,0,0,0,0.0506472,
2403312-003,2246,0.871772,0,0,0,0.0267142,
2403312-004,3542,0.857708,0,0,0,0.0319029,
2403312-005,3020,0.801987,0,0,0,0.0586093,
2403312-006,3234,0.867347,0,0,0,0.0281385,
2403312-007,2282,0.866784,0,0,0,0.0376862,
2403312-008,2150,0.86,0,0,0,0.0348837,
2403312-009,3059,0.858777,0,0,0,0.0215757,
2403312-010,3950,0.743544,0,0,0,0.0875949,
2403312-011,3983,0.833291,0,0,0,0.0401707,
2403312-012,2990,0.858863,0,0,0,0.0327759,
2403312-013,3443,0.884694,0,0,0,0.0223642,
2403312-014,2437,0.800164,0,0,0,0.0693476,
2403312-015,2651,0.861562,0,0,0,0.0298001,
2403312-016,2227,0.86529,0,0,0,0.0300853,
2403312-017,468,0.888889,0,0,0,0.0299145,
2403312-018,440,0.815909,0,0,0,0.0681818,
2403313-001,834,0.852518,0,0,0,0.0251799,
2403313-002,2501,0.860456,0,0,0,0.0255898,
2403313-003,1663,0.867108,0,0,0,0.0240529,
2403313-004,1408,0.854403,0,0,0,0.0241477,
2403313-005,3419,0.846739,0,0,0,0.0406552,
2403313-006,2857,0.866643,0,0,0,0.0276514,
2403313-007,5356,0.868745,0,0,0,0.0238984,
2403313-008,1430,0.858741,0,0,0,0.0286713,
2403313-009,3285,0.854186,0,0,0,0.0270928,
2403313-010,4776,0.853434,0,0,0,0.0219849,
2403313-011,3008,0.856051,0,0,0,0.0299202,
2403313-012,3342,0.859665,0,0,0,0.0239378,
2403313-013,2128,0.868891,0,0,0,0.0272556,
2403313-014,3985,0.849435,0,0,0,0.0273526,
2403313-015,3715,0.820727,0,0,0,0.0503365,
2403313-016,3033,0.870755,0,0,0,0.0211012,
2403313-017,1965,0.860051,0,0,0,0.0315522,
2403313-018,1379,0.881798,0,0,0,0.0224801,
2403313-019,106,0.839623,0,0,0,0.0566038,
2403313-020,634,0.851735,0,0,0,0.0299685,
2403313-021,1580,0.83481,0,0,0,0.0259494,
2403313-022,840,0.872619,0,0,0,0.0190476,
2403313-023,781,0.87452,0,0,0,0.0243278,
2403313-024,976,0.862705,0,0,0,0.0204918,
2403313-025,316,0.85443,0,0,0,0.0443038,
2403314-001,2730,0.718315,0,0,0,0.118681,
2403314-002,3812,0.808762,0,0,0,0.0508919,
2403314-003,2176,0.538603,0,0,0,0.262408,
2403314-004,1946,0.549846,0,0,0,0.257451,
2403314-005,1655,0.554079,0,0,0,0.247734,
2403314-006,1507,0.489051,0,0,0,0.293298,
2403314-007,2623,0.764392,0,0,0,0.0884483,
2403314-008,1818,0.767327,0,0,0,0.0748075,
2403314-009,3285,0.712938,0,0,0,0.118417,
2403314-010,1520,0.740132,0,0,0,0.111184,
2403314-011,976,0.609631,0,0,0,0.199795,
2403314-012,2570,0.674708,0,0,0,0.137354,
2403314-013,1212,0.715347,0,0,0,0.127063,
2403314-014,21,0.52381,0,0,0,0.333333,
2403314-015,556,0.784173,0,0,0,0.0917266,
2403314-016,226,0.668142,0,0,0,0.132743,
2403314-017,18,0.777778,0,0,0,0.111111,
2403315-001,4219,0.817492,0,0,0,0.0689737,
2403315-002,2715,0.835727,0,0,0,0.0346225,
2403315-003,2493,0.854793,0,0,0,0.0501404,
2403315-004,3513,0.811557,0,0,0,0.0711642,
2403315-005,6731,0.852028,0,0,0,0.04249,
2403315-006,3125,0.82976,0,0,0,0.06592,
2403316-001,625,0.7008,0,0,0,0.0944,
2403316-002,781,0.692702,0,0,0,0.0985915,
2403316-003,4467,0.723976,0,0,0,0.0835012,
2403316-004,2792,0.743553,0,0,0,0.0698424,
2403316-005,120,0.675,0,0,0,0.108333,
2403317-001,2953,0.783949,0,0,0,0.0518117,
2403317-002,1642,0.786236,0,0,0,0.0596833,
2403317-003,2074,0.726615,0,0,0,0.0675024,
2403317-004,2065,0.822276,0,0,0,0.0377724,
2403317-005,1107,0.763324,0,0,0,0.0560072,
2403317-006,1245,0.756627,0,0,0,0.0578313,
2403317-007,3202,0.831668,0,0,0,0.0384135,
2403317-008,785,0.733758,0,0,0,0.0751592,
2403317-009,1493,0.701942,0,0,0,0.101139,
2403317-010,3395,0.776141,0,0,0,0.0541973,
2403317-011,2816,0.799361,0,0,0,0.037642,
2403317-012,2468,0.762156,0,0,0,0.0615883,
2403317-013,389,0.735219,0,0,0,0.0514139,
2403317-014,2183,0.748969,0,0,0,0.0503894,
2403317-015,240,0.729167,0,0,0,0.0583333,
2403318-001,3063,0.872021,0,0,0,0.0241593,
2403318-002,1583,0.876184,0,0,0,0.0221099,
2403318-003,1370,0.885401,0,0,0,0.0240876,
2403318-004,1818,0.868537,0,0,0,0.0269527,
2403318-005,1286,0.858476,0,0,0,0.033437,
2403318-006,3616,0.887168,0,0,0,0.0218473,
2403318-007,2677,0.882331,0,0,0,0.0246545,
2403318-008,1675,0.885373,0,0,0,0.0173134,
2403318-009,2253,0.850422,0,0,0,0.0292943,
2403318-010,1047,0.882521,0,0,0,0.0200573,
2403318-011,1963,0.852776,0,0,0,0.0259806,
2403318-012,145,0.834483,0,0,0,0.0344828,
2403318-013,823,0.869988,0,0,0,0.0267315,
2403318-014,187,0.84492,0,0,0,0.0320856,
2403318-015,83,0.86747,0,0,0,0.0481928,
2403318-016,11,0.909091,0,0,0,0,
2403319-001,2624,0.702363,0,0,0,0.0967988,
2403319-002,2328,0.722079,0,0,0,0.084622,
2403319-003,1990,0.7,0,0,0,0.114573,
2403319-004,1390,0.768345,0,0,0,0.0748201,
2403319-005,4,0.5,0,0,0,0,
2403320-001,2838,0.767442,0,0,0,0.085976,
2403320-002,919,0.784548,0,0,0,0.04679,
2403320-003,1955,0.876215,0,0,0,0.0235294,
2403320-004,1639,0.785235,0,0,0,0.0634533,
2403320-005,1947,0.759117,0,0,0,0.0909091,
2403320-006,1803,0.772047,0,0,0,0.0549085,
2403320-007,1216,0.880757,0,0,0,0.0263158,
2403320-008,1032,0.842054,0,0,0,0.0329457,
2403320-009,1473,0.771215,0,0,0,0.0841819,
2403320-010,833,0.753902,0,0,0,0.0864346,
2403320-011,2145,0.839161,0,0,0,0.0377622,
2403320-012,1414,0.834512,0,0,0,0.0275813,
2403320-013,628,0.80414,0,0,0,0.0429936,
2403320-014,276,0.768116,0,0,0,0.0688406,
2403320-015,147,0.795918,0,0,0,0.0272109,
2403320-016,400,0.8525,0,0,0,0.0375,
2403320-017,0,0,0,0,0,0,
2403320-018,1094,0.827239,0,0,0,0.0246801,
2403320-019,1794,0.787068,0,0,0,0.0668896,
2403320-020,272,0.867647,0,0,0,0.0551471,
2403320-021,1215,0.695473,0,0,0,0.106996,
2403321-001,3255,0.602151,0,0,0,0.142857,
2403321-002,3156,0.470215,0,0,0,0.190748,
2403321-003,2920,0.721918,0,0,0,0.0866438,
2403321-004,2129,0.614843,0,0,0,0.124472,
2403321-005,1730,0.710405,0,0,0,0.102312,
2403321-006,2261,0.670057,0,0,0,0.14153,
2403321-007,2079,0.593074,0,0,0,0.167388,
2403321-008,3178,0.788546,0,0,0,0.0418502,
2403321-009,995,0.647236,0,0,0,0.123618,
2403321-010,2162,0.589732,0,0,0,0.143848,
2403321-011,2632,0.780395,0,0,0,0.0558511,
2403321-012,628,0.617834,0,0,0,0.171975,
2403321-013,2634,0.778664,0,0,0,0.056568,
2403321-014,1323,0.687075,0,0,0,0.123205,
2403321-015,1484,0.624663,0,0,0,0.143531,
2403321-016,1656,0.78744,0,0,0,0.0742754,
2403321-017,2073,0.551375,0,0,0,0.131693,
2403321-018,2704,0.77071,0,0,0,0.0573225,
2403321-019,25,0.56,0,0,0,0.12,
2403501-001,1521,0.289283,0,0,0,0.519395,
2403502-001,3109,0.324863,0,0,0,0.478289,
2403503-002,6527,0.309024,0,0,0,0.503907,
2403504-001,2862,0.283718,0,0,0,0.510482,
2403504-002,5393,0.297052,0,0,0,0.48804,
2403504-003,3879,0.259087,0,0,0,0.531323,
2403504-006,2422,0.257638,0,0,0,0.533856,
2403505-001,1871,0.329236,0,0,0,0.499198,
2403505-002,4695,0.319915,0,0,0,0.495208,
2403506-001,1572,0.262087,0,0,0,0.565522,
2403507-001,1797,0.380634,0,0,0,0.409015,
2403701-001,2272,0.397007,0,0,0,0.385563,
2403701-002,1625,0.414154,0,0,0,0.397538,
2403702-001,2149,0.333644,0,0,0,0.468125,
2403702-002,1446,0.363071,0,0,0,0.418396,
2403702-003,833,0.279712,0,0,0,0.496999,
2403702-004,688,0.290698,0,0,0,0.431686,
2403703-001,2152,0.355483,0,0,0,0.437268,
2403703-002,2248,0.441726,0,0,0,0.388345,
2403703-003,1994,0.295888,0,0,0,0.490471,
2403703-004,1835,0.297003,0,0,0,0.497003,
2403703-005,2008,0.301793,0,0,0,0.481076,
2403703-006,1390,0.265468,0,0,0,0.46259,
2403704-001,2851,0.290775,0,0,0,0.481235,
2403704-002,1812,0.309051,0,0,0,0.450883,
2403704-003,2470,0.369231,0,0,0,0.434008,
2403705-001,3014,0.333112,0,0,0,0.46848,
2403705-002,2645,0.331569,0,0,0,0.446881,
2403705-003,2586,0.255994,0,0,0,0.511214,
2403706-001,1536,0.330729,0,0,0,0.468099,
2403706-002,2192,0.28604,0,0,0,0.503193,
2403706-003,3050,0.293443,0,0,0,0.507541,
2403706-004,1942,0.359938,0,0,0,0.458805,
2403707-001,2355,0.487049,0,0,0,0.360934,
2403708-001,2702,0.479645,0,0,0,0.287195,
2403708-002,1622,0.299014,0,0,0,0.464242,
2403708-003,2713,0.402875,0,0,0,0.32547,
2403708-004,2989,0.404149,0,0,0,0.335898,
2403708-005,2373,0.292878,0,0,0,0.473662,
2403708-006,1399,0.323088,0,0,0,0.456755,
2403708-007,2441,0.494469,0,0,0,0.276936,
2403708-008,772,0.374352,0,0,0,0.374352,
2403708-009,3194,0.554477,0,0,0,0.221039,
2403708-010,957,0.478579,0,0,0,0.297806,
2403708-011,1751,0.380925,0,0,0,0.344946,
2403708-012,443,0.295711,0,0,0,0.433409,
2403709-001,198,0.444444,0,0,0,0.388889,
2403901-001,787,0.500635,0,0,0,0.326557,
2403901-002,1572,0.517176,0,0,0,0.333333,
2403901-003,460,0.68913,0,0,0,0.156522,
2403902-001,369,0.365854,0,0,0,0.485095,
2403903-001,994,0.361167,0,0,0,0.490946,
2403904-001,789,0.33967,0,0,0,0.500634,
2403905-001,645,0.337984,0,0,0,0.499225,
2403906-001,392,0.405612,0,0,0,0.397959,
2403907-001,1599,0.492183,0,0,0,0.373984,
2403908-001,1185,0.31308,0,0,0,0.565401,
2403908-002,431,0.306265,0,0,0,0.575406,
2403909-001,256,0.375,0,0,0,0.484375,
2403910-001,125,0.52,0,0,0,0.36,
2403910-002,39,0.333333,0,0,0,0.564103,
2403911-001,119,0.294118,0,0,0,0.537815,
2403912-001,569,0.347979,0,0,0,0.483304,
2403913-001,135,0.266667,0,0,0,0.548148,
2403913-002,301,0.395349,0,0,0,0.468439,
2403913-003,177,0.333333,0,0,0,0.502825,
2403914-001,293,0.327645,0,0,0,0.525597,
2403915-001,842,0.558195,0,0,0,0.271971,
2403915-002,970,0.71134,0,0,0,0.14433,
2403915-003,112,0.491071,0,0,0,0.3125,
2404101-001,4452,0.402066,0,0,0,0.422282,
2404101-002,4983,0.42063,0,0,0,0.378487,
2404101-003,2838,0.453841,0,0,0,0.337209,
2404101-005,3011,0.334108,0,0,0,0.465626,
2404102-001,2234,0.407789,0,0,0,0.391674,
2404102-002,560,0.326786,0,0,0,0.519643,
2404102-003,1160,0.366379,0,0,0,0.448276,
2404103-001,2295,0.332462,0,0,0,0.48061,
2404103-003,985,0.338071,0,0,0,0.462944,
2404104-001,3085,0.302755,0,0,0,0.514425,
2404105-001,730,0.421918,0,0,0,0.373973,
2404105-002,704,0.335227,0,0,0,0.433239,
2404301-000,2303,0.304386,0,0,0,0.475033,
2404302-000,3094,0.308339,0,0,0,0.472851,
2404303-001,810,0.485185,0,0,0,0.266667,
2404303-002,1098,0.432605,0,0,0,0.306011,
2404303-003,1581,0.406072,0,0,0,0.325743,
2404303-004,1330,0.487218,0,0,0,0.245113,
2404303-005,4,0,0,0,0,0.75,
2404304-000,2210,0.238009,0,0,0,0.605882,
2404305-000,2245,0.211136,0,0,0,0.602227,
2404306-001,2092,0.271989,0,0,0,0.513862,
2404306-002,2491,0.312726,0,0,0,0.462866,
2404307-001,2341,0.255446,0,0,0,0.536523,
2404307-002,1963,0.266429,0,0,0,0.508915,
2404308-000,1784,0.298206,0,0,0,0.495516,
2404309-000,2024,0.261364,0,0,0,0.538043,
2404310-001,2774,0.33814,0,0,0,0.428983,
2404310-002,2987,0.370941,0,0,0,0.41145,
2404310-003,1418,0.356135,0,0,0,0.431594,
2404310-004,836,0.388756,0,0,0,0.466507,
2404310-005,33,0.272727,0,0,0,0.575758,
2404311-001,858,0.325175,0,0,0,0.437063,
2404311-002,436,0.327982,0,0,0,0.454128,
2404312-000,1858,0.257266,0,0,0,0.536598,
2404313-001,2660,0.248872,0,0,0,0.571053,
2404313-002,1570,0.349682,0,0,0,0.443312,
2404314-001,783,0.254151,0,0,0,0.559387,
2404314-002,819,0.288156,0,0,0,0.483516,
2404315-000,1395,0.201434,0,0,0,0.605018,
2404316-000,2796,0.278255,0,0,0,0.497496,
2404317-001,4128,0.432171,0,0,0,0.323886,
2404318-001,2034,0.264012,0,0,0,0.540806,
2404318-002,2287,0.328378,0,0,0,0.463489,
2404318-003,2807,0.39829,0,0,0,0.374777,
2404318-004,438,0.465753,0,0,0,0.326484,
2404319-000,1836,0.275054,0,0,0,0.523965,
2404320-000,1538,0.245124,0,0,0,0.559818,
2404321-001,2362,0.406859,0,0,0,0.367909,
2404321-002,1944,0.403807,0,0,0,0.365226,
2404321-003,1103,0.43427,0,0,0,0.357208,
2404322-001,1985,0.481612,0,0,0,0.220655,
2404322-002,1878,0.463791,0,0,0,0.302449,
2404323-000,3463,0.233901,0,0,0,0.568871,
2404324-001,501,0.307385,0,0,0,0.459082,
2404325-001,950,0.605263,0,0,0,0.155789,
2404325-002,2490,0.461446,0,0,0,0.27751,
2404325-003,73,0.479452,0,0,0,0.273973,
2404325-004,2081,0.463719,0,0,0,0.319077,
2404326-001,2222,0.353735,0,0,0,0.441944,
2404326-002,1871,0.336184,0,0,0,0.439872,
2404326-003,1048,0.320611,0,0,0,0.472328,
2404326-004,2180,0.318807,0,0,0,0.483028,
2404327-001,2490,0.311245,0,0,0,0.490361,
2404327-002,2800,0.361071,0,0,0,0.432143,
2404501-001,85,0.317647,0,0,0,0.552941,
2404501-002,874,0.358124,0,0,0,0.456522,
2404501-003,783,0.237548,0,0,0,0.564496,
2404502-001,1776,0.288288,0,0,0,0.506757,
2404504-001,246,0.207317,0,0,0,0.51626,
2404504-002,547,0.285192,0,0,0,0.491773,
2404504-003,1521,0.284024,0,0,0,0.500986,
2404505-001,2553,0.659616,0,0,0,0.151586,
2404505-002,712,0.457865,0,0,0,0.30618,
2404505-003,1595,0.438245,0,0,0,0.347335,
2404505-004,2671,0.424934,0,0,0,0.377387,
2404505-005,3267,0.382308,0,0,0,0.408632,
2404505-006,1327,0.385079,0,0,0,0.438583,
2404505-007,1264,0.309335,0,0,0,0.47943,
2404505-008,1151,0.314509,0,0,0,0.473501,
2404505-009,302,0.294702,0,0,0,0.503311,
2404506-001,619,0.245557,0,0,0,0.570275,
2404507-001,1254,0.342903,0,0,0,0.490431,
2404508-001,1257,0.308671,0,0,0,0.480509,
2404508-002,2354,0.289295,0,0,0,0.513169,
2404508-003,388,0.425258,0,0,0,0.396907,
2404508-004,1247,0.390537,0,0,0,0.437851,
2404508-005,1125,0.431111,0,0,0,0.364444,
2404509-001,2009,0.758586,0,0,0,0.123942,
2404509-002,1562,0.815621,0,0,0,0.049936,
2404509-003,1631,0.71122,0,0,0,0.133047,
2404509-004,177,0.525424,0,0,0,0.259887,
2404509-005,496,0.457661,0,0,0,0.356855,
2404509-006,3393,0.326849,0,0,0,0.485411,
2404509-007,1066,0.509381,0,0,0,0.291745,
2404509-008,1086,0.40884,0,0,0,0.398711,
2404510-001,338,0.674556,0,0,0,0.16568,
2404510-002,68,0.294118,0,0,0,0.529412,
2404510-003,517,0.224371,0,0,0,0.591876,
2404511-001,234,0.730769,0,0,0,0.128205,
2404511-002,265,0.34717,0,0,0,0.45283,
2404511-003,317,0.403785,0,0,0,0.378549,
2404511-004,2461,0.410809,0,0,0,0.362454,
2404513-001,785,0.552866,0,0,0,0.192357,
2404513-002,2457,0.596256,0,0,0,0.191697,
2404513-003,2538,0.445232,0,0,0,0.34476,
2404513-004,1256,0.535032,0,0,0,0.234873,
2404514-001,276,0.289855,0,0,0,0.554348,
2404514-002,1062,0.309793,0,0,0,0.455744,
2404515-001,1376,0.381541,0,0,0,0.425872,
2404515-002,233,0.339056,0,0,0,0.506438,
2404515-003,780,0.248718,0,0,0,0.576923,
2404516-001,429,0.389277,0,0,0,0.417249,
2404516-002,371,0.296496,0,0,0,0.477089,
2404516-003,1510,0.389404,0,0,0,0.384768,
2404516-004,826,0.452785,0,0,0,0.312349,
2404516-005,1464,0.471995,0,0,0,0.299863,
2404516-006,372,0.360215,0,0,0,0.478495,
2404517-001,1170,0.408547,0,0,0,0.405983,
2404701-001,4047,0.438349,0,0,0,0.393872,
2404701-002,779,0.319641,0,0,0,0.48267,
2404702-001,542,0.564576,0,0,0,0.300738,
2404702-002,1303,0.660015,0,0,0,0.224866,
2404702-003,518,0.355212,0,0,0,0.46332,
2404702-004,580,0.648276,0,0,0,0.225862,
2404702-005,1834,0.561614,0,0,0,0.239368,
2404703-001,3044,0.282523,0,0,0,0.513798,
2404703-002,1788,0.292506,0,0,0,0.494407,
2404703-003,999,0.406406,0,0,0,0.36036,
2404704-001,2431,0.340601,0,0,0,0.49239,
2404704-002,785,0.324841,0,0,0,0.494268,
2404704-003,376,0.300532,0,0,0,0.462766,
2404704-004,1476,0.384146,0,0,0,0.432249,
2404705-001,3241,0.323974,0,0,0,0.461586,
2404705-002,2999,0.338113,0,0,0,0.444481,
2404706-001,3246,0.299137,0,0,0,0.49846,
2404706-002,1111,0.251125,0,0,0,0.546355,
2404706-003,1832,0.274017,0,0,0,0.531114,
2404707-001,5788,0.333276,0,0,0,0.452661,
